x [cm], 	 0.40000000000000002220, 	 2.00000000000000000000, 	 3.60000000000000008882
0.00000000000000000000, 	 0.00000000000000000000, 	 0.00000000000000000000, 	 0.00000000000000000000
5.70020000000000059970, 	 53328.03496484825154766440, 	 53629.86990406876429915428, 	 52919.12963652734470088035
5.70130000000000070060, 	 55293.08795055904192849994, 	 53619.65779344306793063879, 	 52831.88928227587894070894
5.70239999999999991331, 	 56182.15654803711368003860, 	 53769.91421148728841217235, 	 53003.95782919353951001540
5.70350000000000001421, 	 56904.73830249482853105292, 	 54012.53842574122973019257, 	 53409.79647883099823957309
5.70460000000000011511, 	 57412.90079070182400755584, 	 54207.85310549299902049825, 	 53890.68154622015572385862
5.70570000000000021600, 	 57426.22351337543659610674, 	 54496.28456630786240566522, 	 54372.88626656453561736271
5.70680000000000031690, 	 57376.45339406660787062719, 	 54650.03038902759726624936, 	 54909.24720883000554749742
5.70790000000000041780, 	 57311.32337019715487258509, 	 54868.59460036073869559914, 	 55438.16173954331316053867
5.70900000000000051870, 	 57297.92176374925475101918, 	 55168.23101657730148872361, 	 55887.28020537110569421202
5.71010000000000061959, 	 57372.68142830498254625127, 	 55495.35642806156829465181, 	 56243.82875338897429173812
5.71119999999999983231, 	 57544.83588126916583860293, 	 55777.23735800845315679908, 	 56517.27013838537095580250
5.71229999999999993321, 	 57801.88171296042855829000, 	 56042.92580945542431436479, 	 56762.91488005481369327754
5.71340000000000003411, 	 58121.92237914160796208307, 	 56310.90531888813711702824, 	 56980.58424757871398469433
5.71450000000000013500, 	 58486.11013357758201891556, 	 56591.51385892511461861432, 	 57236.27962742806266760454
5.71560000000000023590, 	 58874.82419795088935643435, 	 56880.30090962135000154376, 	 57541.39760167858912609518
5.71670000000000033680, 	 59275.41898741943441564217, 	 57180.83918310636363457888, 	 57880.08631852379767224193
5.71780000000000043769, 	 59679.92777105811546789482, 	 57495.58407550324045587331, 	 58238.19580227484402712435
5.71890000000000053859, 	 60083.24621849084360292181, 	 57824.71830282976588932797, 	 58611.93225018443627050146
5.72000000000000063949, 	 60483.32853941032226430252, 	 58167.35534657484095077962, 	 59002.87547663485020166263
5.72109999999999985221, 	 60881.30195144812751095742, 	 58522.66676140687923179939, 	 59412.87307510655227815732
5.72219999999999995310, 	 61280.83007484724657842889, 	 58890.30147118767490610480, 	 59841.04750942743703490123
5.72330000000000005400, 	 61686.78278957989095943049, 	 59270.22966948401881381869, 	 60283.50036910354538122192
5.72440000000000015490, 	 62103.66951581340981647372, 	 59662.37813600450317608193, 	 60734.91659579253609990701
5.72550000000000025580, 	 62534.38428491635568207130, 	 60066.35707247097889194265, 	 61190.57345853438164340332
5.72660000000000035669, 	 62979.61468138491909485310, 	 60481.39582148788758786395, 	 61647.65799994793633231893
5.72770000000000045759, 	 63437.96664413545659044757, 	 60906.45219800731865689158, 	 62105.53958460421563358977
5.72880000000000055849, 	 63906.61201942455227253959, 	 61340.39223460172797786072, 	 62565.18285848444793373346
5.72990000000000065938, 	 64382.14887440577876986936, 	 61782.14404747971275355667, 	 63028.17919114330288721249
5.73099999999999987210, 	 64861.37947004644956905395, 	 62230.77237219210655894130, 	 63495.85632103680836735293
5.73209999999999997300, 	 65341.83289313036220846698, 	 62685.48937077481969026849, 	 63969.08045148653036449105
5.73320000000000007390, 	 65822.01220500856288708746, 	 63145.63535190273250918835, 	 64447.89665182406315580010
5.73430000000000017479, 	 66301.35307995959010440856, 	 63610.63563852207153104246, 	 64931.70685578686970984563
5.73540000000000027569, 	 66780.00179062491224613041, 	 64079.96680619336257223040, 	 65419.59002666858577867970
5.73650000000000037659, 	 67258.52677713270531967282, 	 64552.78080059829517267644, 	 65910.95000536406587343663
5.73760000000000047748, 	 67740.10675922206428367645, 	 65022.18143323154799873009, 	 66408.92835350566019769758
5.73870000000000057838, 	 68224.27107525241444818676, 	 65497.17894987171894172207, 	 66905.01306285172177013010
5.73980000000000067928, 	 68709.63242959784111008048, 	 65976.05281536967959254980, 	 67401.58030456895357929170
5.74089999999999989200, 	 69195.82685793327982537448, 	 66457.98805977306619752198, 	 67899.15195647675136569887
5.74199999999999999289, 	 69682.78671106472029350698, 	 66942.43992921747849322855, 	 68397.74376041385403368622
5.74310000000000009379, 	 70170.48400313641468528658, 	 67429.00889727615867741406, 	 68897.15010324845206923783
5.74420000000000019469, 	 70658.84140873092110268772, 	 67917.37237870375975035131, 	 69397.09721094321866985410
5.74530000000000029559, 	 71147.70558903909113723785, 	 68407.24763304230873472989, 	 69897.33231450118182692677
5.74640000000000039648, 	 71636.85365261846163775772, 	 68898.37305533951439429075, 	 70397.65619533463905099779
5.74750000000000049738, 	 72126.01819983791210688651, 	 69390.49960143001226242632, 	 70897.91363642539363354445
5.74860000000000059828, 	 72614.91782862110994756222, 	 69883.38697941201098728925, 	 71397.96363409486366435885
5.74970000000000069917, 	 73103.28215820042532868683, 	 70376.80145514833566267043, 	 71897.64908993532299064100
5.75079999999999991189, 	 73590.86534227259107865393, 	 70870.51421694732562173158, 	 72396.78984130814205855131
5.75190000000000001279, 	 74077.44923628147807903588, 	 71364.30073452947544865310, 	 72895.18689919706957880408
5.75300000000000011369, 	 74562.83953278401168063283, 	 71857.94052605060278438032, 	 73392.62615571294736582786
5.75410000000000021458, 	 75046.85775521272444166243, 	 72351.21701674922951497138, 	 73888.88713957110303454101
5.75520000000000031548, 	 75529.33266908572113607079, 	 72843.91761278999911155552, 	 74383.75529857580841053277
5.75630000000000041638, 	 76010.09431755437981337309, 	 73335.83421846473356708884, 	 74877.03340851019311230630
5.75740000000000051728, 	 76488.97242065839236602187, 	 73826.76427393352787476033, 	 75368.54860359680606052279
5.75850000000000061817, 	 76965.79909650232002604753, 	 74316.51224724698113277555, 	 75858.15487864686292596161
5.75960000000000071907, 	 77440.41457207480561919510, 	 74804.89138155356340575963, 	 76345.72949527669697999954
5.76069999999999993179, 	 77912.67363554882467724383, 	 75291.72538040785002522171, 	 76831.16881797727546654642
5.76180000000000003268, 	 78382.45110258956265170127, 	 75776.84999648263328708708, 	 77314.38419341048575006425
5.76290000000000013358, 	 78849.64521467487793415785, 	 76260.11435429798439145088, 	 77795.29857344372430816293
5.76400000000000023448, 	 79314.17855028278427198529, 	 76741.38195492060913238674, 	 78273.84534319760859943926
5.76510000000000033538, 	 79775.99682993951137177646, 	 77220.53137006302131339908, 	 78749.96816961657896172255
5.76620000000000043627, 	 80235.06627576428581960499, 	 77697.45657632853544782847, 	 79223.62200238254445139319
5.76730000000000053717, 	 80691.37041627943108323961, 	 78172.06706420872069429606, 	 79694.77532645217434037477
5.76840000000000063807, 	 81144.90721721472800709307, 	 78644.28775403441977687180, 	 80163.41085522057255730033
5.76949999999999985079, 	 81595.68686932213313411921, 	 79114.05871894532174337655, 	 80629.52615519479149952531
5.77059999999999995168, 	 82043.73042406067543197423, 	 79581.33482162156724371016, 	 81093.13363313082663808018
5.77170000000000005258, 	 82489.06922569269954692572, 	 80046.08528927170846145600, 	 81554.26009234001685399562
5.77280000000000015348, 	 82931.74493432154122274369, 	 80508.29328914766665548086, 	 82012.94611100335896480829
5.77390000000000025437, 	 83371.80990402618772350252, 	 80967.95553455005574505776, 	 82469.24523436943127308041
5.77500000000000035527, 	 83809.32766265874670352787, 	 81425.08192580516333691776, 	 82923.22303193942934740335
5.77610000000000045617, 	 84244.37327206187183037400, 	 81879.69521281468041706830, 	 83374.95614632488286588341
5.77720000000000055707, 	 84677.03341948596062138677, 	 82331.83065792574780061841, 	 83824.53142474673222750425
5.77830000000000065796, 	 85107.40617796314472798258, 	 82781.53567790689703542739, 	 84272.04518796989577822387
5.77939999999999987068, 	 85535.60045301236095838249, 	 83228.86944856436457484961, 	 84717.60263127564394380897
5.78049999999999997158, 	 85961.73518743203021585941, 	 83673.90246052277507260442, 	 85161.31727924606821034104
5.78160000000000007248, 	 86385.93841623685148078948, 	 84116.71602117727161385119, 	 85603.31053703291399870068
5.78270000000000017337, 	 86808.34627561092202086002, 	 84557.40171046819887124002, 	 86043.71124638197943568230
5.78380000000000027427, 	 87229.10204675939166918397, 	 84996.06079354125540703535, 	 86482.65509644380654208362
5.78490000000000037517, 	 87648.35526602344179991633, 	 85432.80359226158179808408, 	 86920.28393356542801484466
5.78600000000000047606, 	 88066.26090382071561180055, 	 85867.74882230156799778342, 	 87356.74501484054781030864
5.78710000000000057696, 	 88482.97860048244183417410, 	 86301.02290352874842938036, 	 87792.19022483633307274431
5.78820000000000067786, 	 88898.67193930105713661760, 	 86732.75925115075369831175, 	 88226.77527743624523282051
5.78929999999999989058, 	 89313.50773654109798371792, 	 87163.09755350108025595546, 	 88660.65891282608208712190
5.79039999999999999147, 	 89727.65533128748938906938, 	 87592.18304056698980275542, 	 89094.00215243214915972203
5.79150000000000009237, 	 90141.28589091436879243702, 	 88020.16577485432208050042, 	 89526.96812721931200940162
5.79260000000000019327, 	 90554.57175767168519087136, 	 88447.19990442886773962528, 	 89959.71916867044637911022
5.79370000000000029416, 	 90967.68549768808588851243, 	 88873.44281347605283372104, 	 90392.41747898247558623552
5.79480000000000039506, 	 91380.79903531781747005880, 	 89299.05440966745663899928, 	 90825.22558414978266227990
5.79590000000000049596, 	 91794.08305291722354013473, 	 89724.19644819422683212906, 	 91258.30511856687371619046
5.79700000000000059686, 	 92207.70643890253268182278, 	 90149.03183291722962167114, 	 91691.81558978972316253930
5.79810000000000069775, 	 92621.83566773602797184139, 	 90573.72389037396351341158, 	 92125.91345448601350653917
5.79919999999999991047, 	 93036.63410124540678225458, 	 90998.43563603509392123669, 	 92560.75150695770571473986
5.80030000000000001137, 	 93452.26126080671383533627, 	 91423.32905493871658109128, 	 92996.47845513604988809675
5.80140000000000011227, 	 93868.87213289350620470941, 	 91848.56441053880553226918, 	 93433.23854095155547838658
5.80250000000000021316, 	 94286.61655015868018381298, 	 92274.29958630772307515144, 	 93871.17111283556732814759
5.80360000000000031406, 	 94705.63865740947949234396, 	 92700.68945724156219512224, 	 94310.41010913439095020294
5.80470000000000041496, 	 95126.07644349624752067029, 	 93127.88528611209767404944, 	 94751.08349281740083824843
5.80580000000000051585, 	 95548.06131015125720296055, 	 93556.03414097530185244977, 	 95193.31268931353406514972
5.80690000000000061675, 	 95971.71765369019703939557, 	 93985.27833297573670279235, 	 95637.21206802711822092533
5.80800000000000071765, 	 96397.16244763061695266515, 	 94415.75487539003370329738, 	 96082.88848518129088915884
5.80909999999999993037, 	 96824.50482656845997553319, 	 94847.59496559640683699399, 	 96530.44088540248048957437
5.81020000000000003126, 	 97253.84567939976113848388, 	 95280.92349144142644945532, 	 96979.95994793999125249684
5.81130000000000013216, 	 97685.27726218635507393628, 	 95715.85856279738072771579, 	 97431.52776177531632129103
5.81240000000000023306, 	 98118.88283888131263665855, 	 96152.51106845747563056648, 	 97885.21751901882817037404
5.81350000000000033396, 	 98554.73635413982265163213, 	 96590.98425818355462979525, 	 98341.09322312091535422951
5.81460000000000043485, 	 98992.90213879254588391632, 	 97031.37334971425298135728, 	 98799.20941382381715811789
5.81570000000000053575, 	 99433.43464620421582367271, 	 97473.76516072332742623985, 	 99259.61091312674398068339
5.81680000000000063665, 	 99876.37821693494333885610, 	 97918.23776577399985399097, 	 99722.33259247548994608223
5.81789999999999984936, 	 100321.76686913399316836149, 	 98364.86017869530769530684, 	 100187.39918122583185322583
5.81899999999999995026, 	 100769.62411524045455735177, 	 98813.69206141728500369936, 	 100654.82509309606393799186
5.82010000000000005116, 	 101219.96280352184840012342, 	 99264.78345817452645860612, 	 101124.61426790678524412215
5.82120000000000015206, 	 101672.78498466197925154120, 	 99718.17455922398949041963, 	 101596.76018098415806889534
5.82230000000000025295, 	 102128.08177786294254474342, 	 100173.89542867074487730861, 	 102071.24293151740857865661
5.82340000000000035385, 	 102585.83280753190047107637, 	 100631.96559029142372310162, 	 102548.03319732207455672324
5.82450000000000045475, 	 103046.00638788391370326281, 	 101092.39437107146659400314, 	 103027.11051171232247725129
5.82560000000000055564, 	 103508.56431501965562347323, 	 101555.18458995922992471606, 	 103508.49882467646966688335
5.82670000000000065654, 	 103973.47216154831403400749, 	 102020.33303758787224069238, 	 103992.11411038170626852661
5.82779999999999986926, 	 104440.68515854624274652451, 	 102487.82245893642539158463, 	 104477.82220382969535421580
5.82889999999999997016, 	 104910.13490282479324378073, 	 102957.62107376781932543963, 	 104965.51861953936167992651
5.83000000000000007105, 	 105381.72948360118607524782, 	 103429.68382723169634118676, 	 105455.10661761021765414625
5.83110000000000017195, 	 105855.35775322814879473299, 	 103903.95344545847910922021, 	 105946.49110682391619775444
5.83220000000000027285, 	 106330.89518399442022200674, 	 104380.36146310863841790706, 	 106439.57492223886947613209
5.83330000000000037375, 	 106808.20969286561012268066, 	 104858.82912298305018339306, 	 106934.25206683398573659360
5.83440000000000047464, 	 107287.16554531698056962341, 	 105339.26787282213626895100, 	 107430.40007269514899235219
5.83550000000000057554, 	 107767.62411585249355994165, 	 105821.57930617904639802873, 	 107927.87522570717555936426
5.83660000000000067644, 	 108249.44160355839994736016, 	 106305.65465815087372902781, 	 108426.51271600468317046762
5.83769999999999988916, 	 108732.46501768913003616035, 	 106791.37415544173563830554, 	 108926.13111565556027926505
5.83879999999999999005, 	 109216.52828200311341788620, 	 107278.60655105145997367799, 	 109426.53905836303601972759
5.83990000000000009095, 	 109701.45004680292913690209, 	 107767.20905760704772546887, 	 109927.54058141732821241021
5.84100000000000019185, 	 110187.03380804676271509379, 	 108257.02763840496481861919, 	 110428.93718189529317896813
5.84210000000000029274, 	 110673.06993346908711828291, 	 108747.89756210062478203326, 	 110930.52804168658622074872
5.84320000000000039364, 	 111159.33876607203274033964, 	 109239.64409801544388756156, 	 111432.10789599450072273612
5.84430000000000049454, 	 111645.61371709905506577343, 	 109732.08320009025919716805, 	 111933.46491952672658953816
5.84540000000000059543, 	 112131.66363567773078102618, 	 110225.02219603759294841439, 	 112434.38052041588525753468
5.84650000000000069633, 	 112617.25434836310159880668, 	 110718.26051919261226430535, 	 112934.62942868834943510592
5.84759999999999990905, 	 113102.14936598672647960484, 	 111211.59037300564523320645, 	 113433.97875270551594439894
5.84870000000000000995, 	 113586.10969607406877912581, 	 111704.79722937557380646467, 	 113932.18788917678466532379
5.84980000000000011084, 	 114068.89300456987984944135, 	 112197.66018512149457819760, 	 114429.00921448876033537090
5.85090000000000021174, 	 114550.25252037031168583781, 	 112689.95220107476052362472, 	 114924.18870920488552656025
5.85200000000000031264, 	 115029.93596208584494888783, 	 113181.44021283222537022084, 	 115417.46594566330895759165
5.85310000000000041354, 	 115507.68459141555649694055, 	 113671.88511026056949049234, 	 115908.57419637763814534992
5.85420000000000051443, 	 115983.23251439612067770213, 	 114161.04166628017264883965, 	 116397.24135760789795313030
5.85530000000000061533, 	 116456.30643907171906903386, 	 114648.65852702804841101170, 	 116883.19154326862189918756
5.85640000000000071623, 	 116926.62609942213748581707, 	 115134.47838700017018709332, 	 117366.14716500941722188145
5.85749999999999992895, 	 117393.90545712903258390725, 	 115618.23840216395910829306, 	 117845.83028470507997553796
5.85860000000000002984, 	 117857.85450064126052893698, 	 116099.67079520957486238331, 	 118321.96299042434839066118
5.85970000000000013074, 	 118318.18126950050645973533, 	 116578.50358553876867517829, 	 118794.26722736934607382864
5.86080000000000023164, 	 118774.59371299228223506361, 	 117054.46135694191616494209, 	 119262.46420335389848332852
5.86190000000000033253, 	 119226.80105975635524373502, 	 117527.26599398937833029777, 	 119726.27394962286052759737
5.86300000000000043343, 	 119674.51456382805190514773, 	 117996.63734746830596122891, 	 120185.41521531267790123820
5.86410000000000053433, 	 120117.44766715486184693873, 	 118462.29380790953291580081, 	 120639.60572873687488026917
5.86520000000000063523, 	 120555.31574794852349441499, 	 118923.95279250199382659048, 	 121088.56290807394543662667
5.86629999999999984794, 	 120987.83570721134310588241, 	 119381.33117094165936578065, 	 121532.00483350078866351396
5.86739999999999994884, 	 121414.72563973722571972758, 	 119834.14566104899859055877, 	 121969.65129404909384902567
5.86850000000000004974, 	 121835.70476453599985688925, 	 120282.11323159449966624379, 	 122401.22626808971108403057
5.86960000000000015064, 	 122250.49399168363015633076, 	 120724.95167936439975164831, 	 122826.45290963318257126957
5.87070000000000025153, 	 122658.81577742235094774514, 	 121162.37940453275223262608, 	 123245.05824694471084512770
5.87180000000000035243, 	 123060.39468290501099545509, 	 121594.11645810768823139369, 	 123656.77896507112018298358
5.87290000000000045333, 	 123454.95909130114887375385, 	 122019.88492361972748767585, 	 124061.35096260973659809679
5.87400000000000055422, 	 123842.24154069494397845119, 	 122439.40913387565524317324, 	 124458.51264368837291840464
5.87510000000000065512, 	 124221.97886248957365751266, 	 122852.41599575126019772142, 	 124848.00666230999922845513
5.87619999999999986784, 	 124593.91243189079978037626, 	 123258.63540192766231484711, 	 125229.58087545269518159330
5.87729999999999996874, 	 124957.78856862020620610565, 	 123657.80068984892568551004, 	 125602.98884741161600686610
5.87840000000000006963, 	 125313.35904130904236808419, 	 124049.64910699329630006105, 	 125967.99004958293517120183
5.87950000000000017053, 	 125660.38159016049758065492, 	 124433.92225838793092407286, 	 126324.34997131596901454031
5.88060000000000027143, 	 125998.62039772962452843785, 	 124810.36652805760968476534, 	 126671.84028126687917392701
5.88170000000000037232, 	 126327.84647752718592528254, 	 125178.73347746649233158678, 	 127010.23909822048153728247
5.88280000000000047322, 	 126647.83798593988467473537, 	 125538.78022345845238305628, 	 127339.33126709377393126488
5.88390000000000057412, 	 126958.38047060821554623544, 	 125890.26979432720690965652, 	 127658.90864521286857780069
5.88500000000000067502, 	 127259.26707402941246982664, 	 126232.97146345765213482082, 	 127968.77037465233297552913
5.88609999999999988773, 	 127550.29870984872104600072, 	 126566.66105938305554445833, 	 128268.72312415236956439912
5.88719999999999998863, 	 127831.28422352737106848508, 	 126891.12125162781740073115, 	 128558.58129783428739756346
5.88830000000000008953, 	 128102.04054341495793778449, 	 127206.14181244981591589749, 	 128838.16721190328826196492
5.88940000000000019043, 	 128362.39282367343548685312, 	 127511.51985516860440839082, 	 129107.31124386299052275717
5.89050000000000029132, 	 128612.17457772836496587843, 	 127807.06005020886368583888, 	 129365.85195459621900226921
5.89160000000000039222, 	 128851.22779830239596776664, 	 128092.57481881928106304258, 	 129613.63618287954886909574
5.89270000000000049312, 	 129079.40306091013189870864, 	 128367.88450716395163908601, 	 129850.51915085113432724029
5.89380000000000059401, 	 129296.55961083812871947885, 	 128632.81753960713103879243, 	 130076.36449012804951053113
5.89490000000000069491, 	 129502.56542406494554597884, 	 128887.21054960691253654659, 	 130291.04428178127272985876
5.89599999999999990763, 	 129697.29724274028558284044, 	 129130.90849054418504238129, 	 130494.43910007335944101214
5.89710000000000000853, 	 129880.64059032259683590382, 	 129363.76472782454220578074, 	 130686.43803872716671321541
5.89820000000000010942, 	 130052.48976900598790962249, 	 129585.64111146639334037900, 	 130866.93869053886737674475
5.89930000000000021032, 	 130212.74783667337032966316, 	 129796.40802786962012760341, 	 131035.84711697720922529697
5.90040000000000031122, 	 130361.32656394221703521907, 	 129995.94443222980771679431, 	 131193.07782002096064388752
5.90150000000000041211, 	 130498.14637580889393575490, 	 130184.13786328276910353452, 	 131338.55370569165097549558
5.90260000000000051301, 	 130623.13628257972595747560, 	 130360.88444260781398043036, 	 131472.20606321905506774783
5.90370000000000061391, 	 130736.23380789514339994639, 	 130526.08886130727478303015, 	 131593.97448559993063099682
5.90480000000000071481, 	 130844.72140069148736074567, 	 130669.85635076016478706151, 	 131706.30715779759339056909
5.90589999999999992752, 	 130936.23335246338683646172, 	 130803.74360858957516029477, 	 131809.06209141545696184039
5.90700000000000002842, 	 131013.86935739449108950794, 	 130927.67873525599134154618, 	 131899.18616757725249044597
5.90810000000000012932, 	 131079.43677090213168412447, 	 131040.69796861014037858695, 	 131976.09756146228755824268
5.90920000000000023022, 	 131133.55412253070971928537, 	 131142.23732399439904838800, 	 132039.84153647266793996096
5.91030000000000033111, 	 131176.23214424666366539896, 	 131232.05421326996292918921, 	 132090.65618984698085114360
5.91140000000000043201, 	 131207.21314906360930763185, 	 131310.04805869204574264586, 	 132128.93374378673615865409
5.91250000000000053291, 	 131226.18826676742173731327, 	 131376.15742680215043947101, 	 132154.84919963916763663292
5.91360000000000063380, 	 131232.90462039623525924981, 	 131430.33880633427179418504, 	 132168.94002726254984736443
5.91469999999999984652, 	 131227.26649892574641853571, 	 131472.55569773947354406118, 	 132171.28738570879795588553
5.91579999999999994742, 	 131209.31809499461087398231, 	 131502.79716467906837351620, 	 132162.58779587320168502629
5.91690000000000004832, 	 131179.30847757842275314033, 	 131521.07921378017636016011, 	 132142.12396825733594596386
5.91800000000000014921, 	 131137.46858773447456769645, 	 131527.41836261865682899952, 	 132110.26367394218686968088
5.91910000000000025011, 	 131080.75501472459291107953, 	 131521.88592864575912244618, 	 132066.96307699294993653893
5.92020000000000035101, 	 130971.37393621279625222087, 	 131540.49836794580915011466, 	 132011.52281145876622758806
5.92130000000000045191, 	 130876.85070517112035304308, 	 131537.66372400528052821755, 	 131936.66153984545962885022
5.92240000000000055280, 	 130785.22543252428295090795, 	 131519.58204794212360866368, 	 131840.49906738914432935417
5.92350000000000065370, 	 130692.08245827621431089938, 	 131510.18004571463097818196, 	 131707.26536763718468137085
5.92459999999999986642, 	 130584.42310577759053558111, 	 131475.02138641252531670034, 	 131574.39742761809611693025
5.92569999999999996732, 	 130454.71222944233159068972, 	 131438.84023012136458419263, 	 131456.06112120699253864586
5.92680000000000006821, 	 130302.55808796957717277110, 	 131359.85810820315964519978, 	 131332.14788944544852711260
5.92790000000000016911, 	 130141.50545009793131612241, 	 131274.88407578319311141968, 	 131196.99480084795504808426
5.92900000000000027001, 	 129993.09757085963792633265, 	 131156.40056308975908905268, 	 131047.63370109598326962441
5.93010000000000037090, 	 129836.22253122321853879839, 	 131022.28310559348028618842, 	 130885.55652542212919797748
5.93120000000000047180, 	 129653.21519869839539751410, 	 130867.89671203622128814459, 	 130715.60784522781614214182
5.93230000000000057270, 	 129453.26942285516997799277, 	 130708.44154289549624081701, 	 130537.16781252955843228847
5.93340000000000067359, 	 129241.96562912597437389195, 	 130549.19935673868167214096, 	 130347.72639733679534401745
5.93449999999999988631, 	 129023.27124382177134975791, 	 130383.03695981849159579724, 	 130144.66838594201544765383
5.93559999999999998721, 	 128799.15845957597775850445, 	 130207.51938856558990664780, 	 129926.68620671320240944624
5.93670000000000008811, 	 128569.29697755620873067528, 	 130021.77795684986631385982, 	 129694.18021322732965927571
5.93780000000000018900, 	 128331.87222116951306816190, 	 129824.57859255626681260765, 	 129457.81881208957929629833
5.93890000000000028990, 	 128083.38741712291084695607, 	 129612.92872060452646110207, 	 129212.97330619143031071872
5.94000000000000039080, 	 127822.29110023744578938931, 	 129390.37482682694098912179, 	 128952.82989467259903904051
5.94110000000000049170, 	 127547.84108534140978008509, 	 129157.42305795072752516717, 	 128683.06375978936557658017
5.94220000000000059259, 	 127260.25533845565223600715, 	 128914.08598125030403025448, 	 128405.08892995519272517413
5.94330000000000069349, 	 126960.53310784010682255030, 	 128660.45104751041799318045, 	 128118.40327798710495699197
5.94439999999999990621, 	 126649.93356774192943703383, 	 128396.63104314905649516732, 	 127821.96203124307794496417
5.94550000000000000711, 	 126329.55914976727217435837, 	 128122.69656103066517971456, 	 127514.91115517464641015977
5.94660000000000010800, 	 126000.13487651014293078333, 	 127838.67153932250221259892, 	 127196.90847093981574289501
5.94770000000000020890, 	 125661.97627974928764160722, 	 127544.56729300486040301621, 	 126868.10729632849688641727
5.94880000000000030980, 	 125315.08492518469574861228, 	 127240.41889132578216958791, 	 126528.96564142240094952285
5.94990000000000041069, 	 124959.29553530878911260515, 	 126926.30356209422461688519, 	 126180.02116020218818448484
5.95100000000000051159, 	 124594.41237093046947848052, 	 126602.33830944930377881974, 	 125821.73123219639819581062
5.95210000000000061249, 	 124220.30102539509243797511, 	 126268.66486805271415505558, 	 125454.40627099049743264914
5.95320000000000071338, 	 123836.92876081900612916797, 	 125925.43238024043967016041, 	 125078.21748563356231898069
5.95429999999999992610, 	 123444.36379350007337052375, 	 125572.78488740335160400718, 	 124693.24178029989707283676
5.95540000000000002700, 	 123042.75030212513229344040, 	 125210.85578141927544493228, 	 124299.51065449962334241718
5.95650000000000012790, 	 122632.27453422627877444029, 	 124839.76766577792295720428, 	 123897.04522201132203917950
5.95760000000000022879, 	 122213.13259395869681611657, 	 124459.63467815944750327617, 	 123485.87484457378741353750
5.95870000000000032969, 	 121785.50572819610533770174, 	 124070.56493221106939017773, 	 123066.04346090523176826537
5.95980000000000043059, 	 121349.54512930726923514158, 	 123672.66184312824043445289, 	 122637.60857029515318572521
5.96090000000000053149, 	 120905.36587738856906071305, 	 123266.02431644253374543041, 	 122200.64006501865515019745
5.96200000000000063238, 	 120453.04873723381024319679, 	 122850.74651950621046125889, 	 121755.21903306401509325951
5.96309999999999984510, 	 119992.64885264160693623126, 	 122426.91911891647032462060, 	 121301.48591834379476495087
5.96419999999999994600, 	 119524.21402017859509214759, 	 121994.63320039304380770773, 	 120839.50939451383601408452
5.96530000000000004690, 	 119047.78503913352324161679, 	 121553.97268537896161433309, 	 120369.33495418989332392812
5.96640000000000014779, 	 118563.39638764693518169224, 	 121105.01380355893343221396, 	 119891.04765119287185370922
5.96750000000000024869, 	 118071.08649739845714066178, 	 120647.82960850039671640843, 	 119404.74835236711078323424
5.96860000000000034959, 	 117570.90617721204762347043, 	 120182.49359319005452562124, 	 118910.53308614417619537562
5.96970000000000045048, 	 117062.84641493640083353966, 	 119710.32290823994844686240, 	 118407.30642473718035034835
5.97080000000000055138, 	 116545.03209726892237085849, 	 119233.66372290432627778500, 	 117894.79248739147442393005
5.97190000000000065228, 	 116018.82155620605044532567, 	 118747.66244316780648659915, 	 117376.46332782950776163489
5.97299999999999986500, 	 115485.49588011286687105894, 	 118253.05313235253561288118, 	 116850.84879224462201818824
5.97409999999999996589, 	 114945.49633575367624871433, 	 117750.25286134160705842078, 	 116317.47963772335788235068
5.97520000000000006679, 	 114398.88199057384917978197, 	 117239.53087211961974389851, 	 115776.28882071313273627311
5.97630000000000016769, 	 113845.52871345996391028166, 	 116721.07268367160577327013, 	 115227.40219615254318341613
5.97740000000000026859, 	 113285.24434636454680003226, 	 116195.01188199427269864827, 	 114671.00245013479434419423
5.97850000000000036948, 	 112717.84478667614166624844, 	 115661.44620874471729621291, 	 114107.24040916754165664315
5.97960000000000047038, 	 112143.19573008644510991871, 	 115120.44647178360901307315, 	 113536.20664773069438524544
5.98070000000000057128, 	 111561.22617510480631608516, 	 114572.06339725754514802247, 	 112957.94356246682582423091
5.98180000000000067217, 	 110971.92399486133945174515, 	 114016.33444238375523127615, 	 112372.46941339786280877888
5.98289999999999988489, 	 110375.32310412218794226646, 	 113453.29039957835630048066, 	 111779.79627592379983980209
5.98399999999999998579, 	 109771.48828124994179233909, 	 112882.96075976888823788613, 	 111179.93710990964609663934
5.98510000000000008669, 	 109160.50048773478192742914, 	 112305.37701188333448953927, 	 110572.90544819897331763059
5.98620000000000018758, 	 110658.62193282201769761741, 	 111845.49459998974634800106, 	 110008.96497328414989169687
5.98730000000000028848, 	 111219.17291394504718482494, 	 111506.94627422431949526072, 	 109655.75129071461560670286
5.98840000000000038938, 	 111271.99716884666122496128, 	 111246.81040488691360224038, 	 109503.28855012042913585901
5.98950000000000049027, 	 110984.83973523016902618110, 	 111027.72624122818524483591, 	 109464.22198546283470932394
5.99060000000000059117, 	 110501.46036663594713900238, 	 110819.66860353467927780002, 	 109448.12704104764270596206
5.99170000000000069207, 	 109941.88755774541641585529, 	 110603.07726294755411799997, 	 109392.18697362898092251271
5.99279999999999990479, 	 109393.03574835722974967211, 	 110368.30883538864145521075, 	 109268.46251648647012189031
5.99390000000000000568, 	 108906.18116338456457015127, 	 110113.69244946243998128921, 	 109076.27858893580560106784
5.99500000000000010658, 	 108500.26398909324780106544, 	 109848.02340429357718676329, 	 108828.59440383770561311394
5.99610000000000020748, 	 108174.65497603395488113165, 	 109567.53239455404400359839, 	 108545.21687828534049913287
5.99720000000000030838, 	 107913.49149626439611893147, 	 109281.04555593842815142125, 	 108243.60521325090667232871
5.99830000000000040927, 	 107694.00037053192500025034, 	 108995.29636842977197375149, 	 107937.50718251046782825142
5.99940000000000051017, 	 107493.75041913050517905504, 	 108714.45807049407449085265, 	 107637.45150500857562292367
6.00050000000000061107, 	 107294.93332648617797531188, 	 108440.49528823081345763057, 	 107351.25113088428042829037
6.00160000000000071196, 	 107086.27704535715747624636, 	 108175.05629764912009704858, 	 107083.71459849835082422942
6.00269999999999992468, 	 106864.12675113898876588792, 	 107915.75656581012299284339, 	 106836.86980306806799490005
6.00380000000000002558, 	 106630.90069540010881610215, 	 107661.94641184552165213972, 	 106609.62419989143381826580
6.00490000000000012648, 	 106392.37499112258956301957, 	 107413.59676010509429033846, 	 106397.86148116782715078443
6.00600000000000022737, 	 106155.58563437471457291394, 	 107170.79419983971456531435, 	 106195.98608965327730402350
6.00710000000000032827, 	 105926.68916379494476132095, 	 106933.69851004275551531464, 	 105998.36474476136208977550
6.00820000000000042917, 	 105709.41176608609384857118, 	 106702.83039600921620149165, 	 105800.45939739230379927903
6.00930000000000053006, 	 105504.77892546517250593752, 	 106477.38889125951391179115, 	 105599.69893014273839071393
6.01040000000000063096, 	 105311.18485313505516387522, 	 106257.12556255092204082757, 	 105395.30422485049348324537
6.01150000000000073186, 	 105125.06869461400492582470, 	 106041.68451095142518170178, 	 105187.72224227739206980914
6.01259999999999994458, 	 104942.00530529348179697990, 	 105830.87211633258266374469, 	 104978.01099367214192170650
6.01370000000000004547, 	 104757.91114617262792307884, 	 105623.38016046072880271822, 	 104767.45852440783346537501
6.01480000000000014637, 	 104569.72341066658555064350, 	 105418.11962656640389468521, 	 104557.09484568003972526640
6.01590000000000024727, 	 104375.56085110532876569778, 	 105214.11436530281207524240, 	 104347.30785289441701024771
6.01700000000000034817, 	 104174.78319337614811956882, 	 105010.45980882682488299906, 	 104137.91341033286880701780
6.01810000000000044906, 	 103967.74676909692061599344, 	 104806.38015439499577041715, 	 103928.31011381519783753902
6.01920000000000054996, 	 103755.42870035505620762706, 	 104601.25689185241935774684, 	 103717.68378339987248182297
6.02030000000000065086, 	 103539.03671971274889074266, 	 104394.63123946503037586808, 	 103505.20146923951688222587
6.02139999999999986358, 	 103319.68727092879998963326, 	 104186.18547822516120504588, 	 103290.14506959282152820379
6.02249999999999996447, 	 103098.19427061769238207489, 	 103975.71048389065254013985, 	 103071.98781417043937835842
6.02360000000000006537, 	 102874.97772810547030530870, 	 103763.06834926253941375762, 	 102850.41630171261203940958
6.02470000000000016627, 	 102650.07596725226903799921, 	 103548.15750859607942402363, 	 102625.30456661734206136316
6.02580000000000026716, 	 102423.22903447735006920993, 	 103330.88516689770040102303, 	 102396.65694047155557200313
6.02690000000000036806, 	 102193.99573332657746504992, 	 103111.14914823909930419177, 	 102164.54025061345600988716
6.02800000000000046896, 	 101961.87081900333578232676, 	 102888.82897800604405347258, 	 101929.02856996370246633887
6.02910000000000056986, 	 101726.38023165917547885329, 	 102663.78563790154294110835, 	 101690.16149870223307516426
6.03020000000000067075, 	 101487.14141844378900714219, 	 102435.86512862694507930428, 	 101447.90836264372046571225
6.03129999999999988347, 	 101243.88542883703485131264, 	 102204.90501636796398088336, 	 101202.17714240678469650447
6.03239999999999998437, 	 100996.45008435613999608904, 	 101970.74122217792319133878, 	 100952.82016221787489484996
6.03350000000000008527, 	 100744.75324975118564907461, 	 101733.21326944039901718497, 	 100699.65260944949113763869
6.03460000000000018616, 	 100488.75778750458266586065, 	 101492.16759159862704109401, 	 100442.47876141859160270542
6.03570000000000028706, 	 100228.43908017411013133824, 	 101247.45935334407840855420, 	 100181.11845965824613813311
6.03680000000000038796, 	 99963.76263037131866440177, 	 100998.95334227420971728861, 	 99915.42489958023361396044
6.03790000000000048885, 	 99694.67435644894430879503, 	 100746.52432592492550611496, 	 99645.29080665273068007082
6.03900000000000058975, 	 99421.10198847491119522601, 	 100490.05711031115788500756, 	 99370.64510975718440022320
6.04010000000000069065, 	 99142.96365754348516929895, 	 100229.44656972058874089271, 	 99091.44543245084059890360
6.04119999999999990337, 	 98860.17933323048055171967, 	 99964.59774810294038616121, 	 98807.66740096932335291058
6.04230000000000000426, 	 98572.68119705798744689673, 	 99695.42604845169989857823, 	 98519.29690242379729170352
6.04340000000000010516, 	 98280.42085486375435721129, 	 99421.85765841665852349252, 	 98226.32709767592314165086
6.04450000000000020606, 	 97983.37295607609848957509, 	 99143.83016155996301677078, 	 97928.75701813159685116261
6.04560000000000030695, 	 97681.53561584037379361689, 	 98861.29328257750603370368, 	 97626.59458348339830990881
6.04670000000000040785, 	 97374.92896019536419771612, 	 98574.20973085385048761964, 	 97319.85917222058924380690
6.04780000000000050875, 	 97063.59280599821067880839, 	 98282.55591478940914385021, 	 97008.58283081173431128263
6.04890000000000060965, 	 96747.58407457842258736491, 	 97986.32239399781974498183, 	 96692.81103029663790948689
6.05000000000000071054, 	 96426.97440329140226822346, 	 97685.51406649069394916296, 	 96372.60350042053323704749
6.05109999999999992326, 	 96101.84833084423735272139, 	 97380.15017212055681739002, 	 96048.03514039008587133139
6.05220000000000002416, 	 95772.29669677276979200542, 	 97070.28842721860564779490, 	 95719.19213145029789302498
6.05330000000000012506, 	 95438.43208250068710185587, 	 96755.94480207476590294391, 	 95386.18465279106749221683
6.05440000000000022595, 	 95100.37763295831973664463, 	 96437.18423487884865608066, 	 95049.13710596969758626074
6.05550000000000032685, 	 94758.26632683500065468252, 	 96114.08446855157671961933, 	 94708.18558149680029600859
6.05660000000000042775, 	 94412.24442414123041089624, 	 95786.73618187353713437915, 	 94363.47949870054435450584
6.05770000000000052864, 	 94062.47221452857775148004, 	 95455.24331890934263356030, 	 94015.18076575643499381840
6.05880000000000062954, 	 93709.12405572019633837044, 	 95119.72311529608850833029, 	 93663.46269997359195258468
6.05990000000000073044, 	 93352.38787211454473435879, 	 94780.30594295226910617203, 	 93308.50908273711684159935
6.06099999999999994316, 	 92992.46420912830217275769, 	 94437.13501112104859203100, 	 92950.51342195019242353737
6.06210000000000004405, 	 92629.56498500093584880233, 	 94090.36595001103705726564, 	 92589.67850984593678731471
6.06320000000000014495, 	 92263.91212801286019384861, 	 93740.16629608238872606307, 	 92226.21601754841685760766
6.06430000000000024585, 	 91895.73625203419942408800, 	 93386.71488856092037167400, 	 91860.34595870734483469278
6.06540000000000034674, 	 91525.27545416451175697148, 	 93030.20119041569705586880, 	 91492.29600015710457228124
6.06650000000000044764, 	 91152.77425871518789790571, 	 92670.82454941503237932920, 	 91122.30068617440701927990
6.06760000000000054854, 	 90778.48269904644985217601, 	 92308.79342185474524740130, 	 90750.60061148856766521931
6.06870000000000064944, 	 90402.65550721048202831298, 	 91944.32456997474946547300, 	 90377.44146105703839566559
6.06979999999999986215, 	 90025.55135533609427511692, 	 91577.64224423031555488706, 	 90003.07308169963653199375
6.07089999999999996305, 	 89647.43210147556965239346, 	 91208.97734383438364602625, 	 89627.74825036447145976126
6.07200000000000006395, 	 89268.56198479112936183810, 	 90838.56660695309983566403, 	 89251.72285036127141211182
6.07310000000000016485, 	 88889.20698521063604857773, 	 90466.65191569103626534343, 	 88875.25600659869087394327
6.07420000000000026574, 	 88509.63442635600222274661, 	 90093.47962390906468499452, 	 88498.60880859210737980902
6.07530000000000036664, 	 88130.11256956605939194560, 	 89719.29983986572187859565, 	 88122.04256390137015841901
6.07640000000000046754, 	 87750.90997072579921223223, 	 89344.36565283701929729432, 	 87745.81737096472352277488
6.07750000000000056843, 	 87372.29455223442346323282, 	 88968.93232458247803151608, 	 87370.19119896512711420655
6.07860000000000066933, 	 86994.53247858924441970885, 	 88593.25645702569454442710, 	 86995.41930554270220454782
6.07969999999999988205, 	 86617.88700828673609066755, 	 88217.59521355704055167735, 	 86621.75465619305032305419
6.08079999999999998295, 	 86242.61756973140290938318, 	 87842.20555586603586561978, 	 86249.44708970699866767973
6.08190000000000008384, 	 85868.97899773783865384758, 	 87467.34348642523400485516, 	 85878.74276627185463439673
6.08300000000000018474, 	 85497.22091725272184703499, 	 87093.26331535939243622124, 	 85509.88355491810943931341
6.08410000000000028564, 	 85127.58724490831082221121, 	 86720.21695446081866975874, 	 85143.10636288601381238550
6.08520000000000038654, 	 84760.31575144390808418393, 	 86348.45322888392547611147, 	 84778.64229053190501872450
6.08630000000000048743, 	 84395.63763043351355008781, 	 85978.21724613830156158656, 	 84416.71663724734389688820
6.08740000000000058833, 	 84033.77714857243699952960, 	 85609.74980427157424855977, 	 84057.54789268031890969723
6.08850000000000068923, 	 83674.95125101166195236146, 	 85243.28680162677483167499, 	 83701.34721074349363334477
6.08959999999999990195, 	 83319.36913351248949766159, 	 84879.05870907982171047479, 	 83348.31826788622129242867
6.09070000000000000284, 	 82967.23184640452382154763, 	 84517.29005772323580458760, 	 82998.65666689342469908297
6.09180000000000010374, 	 82618.73188194035901688039, 	 84158.19893913384294137359, 	 82652.54929883849399629980
6.09290000000000020464, 	 82274.05272288108244538307, 	 83801.99652213855006266385, 	 82310.17430275489459745586
6.09400000000000030553, 	 81933.36846953828353434801, 	 83448.88667693729803431779, 	 81971.70217849855544045568
6.09510000000000040643, 	 81596.84382581358659081161, 	 83099.06577878691314253956, 	 81637.29720098119287285954
6.09620000000000050733, 	 81264.63456761727866251022, 	 82752.72259810531977564096, 	 81307.11644362275546882302
6.09730000000000060822, 	 80936.88807807062403298914, 	 82410.03813811994041316211, 	 80981.30815683405671734363
6.09840000000000070912, 	 80613.74356949003413319588, 	 82071.18543098872760310769, 	 80660.01058018679032102227
6.09949999999999992184, 	 80295.33186473484965972602, 	 81736.32925665080256294459, 	 80343.35065675666555762291
6.10060000000000002274, 	 79981.77468410061555914581, 	 81405.62577138347842264920, 	 80031.44325140793807804585
6.10170000000000012363, 	 79673.18356583650165703148, 	 81079.22208620976016391069, 	 79724.39123522682348266244
6.10280000000000022453, 	 79369.65871751181839499623, 	 80757.25584550197527278215, 	 79422.28610790574748534709
6.10390000000000032543, 	 79071.28810527114546857774, 	 80439.85484810275374911726, 	 79125.20889940150664187968
6.10500000000000042633, 	 78778.14701190272171515971, 	 80127.13675686914939433336, 	 78833.23103850091865751892
6.10610000000000052722, 	 78490.29813853070663753897, 	 79819.20888120596646331251, 	 78546.41428052567061968148
6.10720000000000062812, 	 78207.79205908060248475522, 	 79516.16799569258000701666, 	 78264.81017861304280813783
6.10830000000000072902, 	 77930.66781810139946173877, 	 79218.10028738349501509219, 	 77988.46171086901449598372
6.10939999999999994174, 	 77658.95388358927448280156, 	 78925.08151432497834321111, 	 77717.40300502808531746268
6.11050000000000004263, 	 77392.66907608311157673597, 	 78637.17699162384087685496, 	 77451.65621976804686710238
6.11160000000000014353, 	 77131.82285039882117416710, 	 78354.44163685198873281479, 	 77191.23328881920315325260
6.11270000000000024443, 	 76876.41548012994462624192, 	 78076.92021167828352190554, 	 76936.13798333339218515903
6.11380000000000034532, 	 76626.43846626051526982337, 	 77804.64748732409498188645, 	 76686.36017995410657022148
6.11490000000000044622, 	 76381.87156599741138052195, 	 77537.65887572651263326406, 	 76441.86955220476374961436
6.11600000000000054712, 	 76142.68364896178536582738, 	 77275.96151612678659148514, 	 76202.65850230434443801641
6.11710000000000064801, 	 75908.84406938166648615152, 	 77019.55331750723416917026, 	 75968.70847069598676171154
6.11819999999999986073, 	 75680.31265528961375821382, 	 76768.43418633560941088945, 	 75739.97676165364100597799
6.11929999999999996163, 	 75457.04170427357894368470, 	 76522.59403472249687183648, 	 75516.40800734277581796050
6.12040000000000006253, 	 75238.97478693629091139883, 	 76282.01315772929228842258, 	 75297.93835767745622433722
6.12150000000000016342, 	 75026.04575778833532240242, 	 76046.66252545551105868071, 	 75084.49737083708168938756
6.12260000000000026432, 	 74818.17851642960158642381, 	 75816.50406512408517301083, 	 74876.00892287329770624638
6.12370000000000036522, 	 74615.28749760938808321953, 	 75591.49095428443979471922, 	 74672.39130049098457675427
6.12480000000000046612, 	 74417.27862837573047727346, 	 75371.56791802198858931661, 	 74473.55675627016171347350
6.12590000000000056701, 	 74224.05041909428837243468, 	 75156.67151981635834090412, 	 74279.41090966344927437603
6.12700000000000066791, 	 74035.49491434972151182592, 	 74946.73044223562465049326, 	 74089.85233040354796685278
6.12809999999999988063, 	 73851.49835921656631398946, 	 74741.66576126743166241795, 	 73904.77247843344230204821
6.12919999999999998153, 	 73671.94157041143625974655, 	 74541.39122168450558092445, 	 73724.05599568951583933085
6.13030000000000008242, 	 73496.70009336153452750295, 	 74345.81351845093013253063, 	 73547.58120890981808770448
6.13140000000000018332, 	 73325.64426022076804656535, 	 74154.83258782586199231446, 	 73375.22080057971470523626
6.13250000000000028422, 	 73158.63926721506868489087, 	 73968.34191291475144680589, 	 73206.84243114640412386507
6.13360000000000038511, 	 72995.54534025114844553173, 	 73786.22883670231385622174, 	 73042.30918499188555870205
6.13470000000000048601, 	 72836.21799682956770993769, 	 73608.37487550704099703580, 	 72881.47989998957200441509
6.13580000000000058691, 	 72680.50838576344540342689, 	 73434.65603439221740700305, 	 72724.20950822274608071893
6.13690000000000068781, 	 72528.26368459263176191598, 	 73264.94312699590227566659, 	 72570.34931404292001388967
6.13799999999999990052, 	 72379.32752488041296601295, 	 73099.10210204805480316281, 	 72419.74732202217273879796
6.13910000000000000142, 	 72233.54042892462166491896, 	 72936.99438131738861557096, 	 72272.24862696188210975379
6.14020000000000010232, 	 72090.74025679095939267427, 	 72778.47721633419860154390, 	 72127.69588085262512322515
6.14130000000000020322, 	 71950.76266833163390401751, 	 72623.40406197002448607236, 	 71985.92964643142477143556
6.14240000000000030411, 	 71813.44157722181989811361, 	 72471.62495461791695561260, 	 71846.78865183729794807732
6.14350000000000040501, 	 71678.60956664294644724578, 	 72322.98688675790617708117, 	 71710.11007617009454406798
6.14460000000000050591, 	 71546.09825865323364268988, 	 72177.33417740114964544773, 	 71575.72989396640332415700
6.14570000000000060680, 	 71415.73864653713826555759, 	 72034.50883721052377950400, 	 71443.48318950706743635237
6.14680000000000070770, 	 71287.36139158245350699872, 	 71894.35091973534144926816, 	 71313.20437136165855918080
6.14789999999999992042, 	 71160.79707678937120363116, 	 71756.69885588117176666856, 	 71184.72752982217934913933
6.14900000000000002132, 	 71035.87645168704329989851, 	 71621.38979050974012352526, 	 71057.88707957150472793728
6.15010000000000012221, 	 70912.43074406668893061578, 	 71488.25994489365257322788, 	 70932.51852126183803193271
6.15120000000000022311, 	 70790.29209436458768323064, 	 71357.14501238860248122364, 	 70808.45900391691247932613
6.15230000000000032401, 	 70669.29409024828055407852, 	 71227.88056830641289707273, 	 70685.54749380421708337963
6.15340000000000042490, 	 70549.27230371905898209661, 	 71100.30246482109942007810, 	 70563.62471482966793701053
6.15450000000000052580, 	 70430.06473170906247105449, 	 70974.24719555847696028650, 	 70442.53316332446411252022
6.15560000000000062670, 	 70311.51210554859426338226, 	 70849.55223466453026048839, 	 70322.11737873058882541955
6.15670000000000072760, 	 70193.45810723055910784751, 	 70726.05636496690567582846, 	 70202.22438784036785364151
6.15779999999999994031, 	 70075.74955406610388308764, 	 70603.60000159640912897885, 	 70082.70413603638007771224
6.15890000000000004121, 	 69958.23659268305345904082, 	 70482.02551066890009678900, 	 69963.40987791956285946071
6.16000000000000014211, 	 69840.77292369383212644607, 	 70361.17752269371703732759, 	 69844.19851855158049147576
6.16110000000000024301, 	 69723.21606073032307904214, 	 70240.90323865647951606661, 	 69724.93086463335203006864
6.16220000000000034390, 	 69605.42760668737173546106, 	 70121.05272332695312798023, 	 69605.47176785182091407478
6.16330000000000044480, 	 69487.27351518456998746842, 	 70001.47917881913599558175, 	 69485.69019120572193060070
6.16440000000000054570, 	 69368.62430548085831105709, 	 69882.03919327197945676744, 	 69365.45925850051571615040
6.16550000000000064659, 	 69249.35521404756582342088, 	 69762.59296336614352185279, 	 69244.65622478461591526866
6.16659999999999985931, 	 69129.34617996752785984427, 	 69643.00436729486682452261, 	 69123.15921705871005542576
6.16769999999999996021, 	 69008.48135748253844212741, 	 69523.14103296813846100122, 	 69000.85527425585314631462
6.16880000000000006111, 	 68886.64967420358152594417, 	 69402.87487900098494719714, 	 68877.63869166462973225862
6.16990000000000016200, 	 68763.74570706182566937059, 	 69282.08242890826659277081, 	 68753.40943384807906113565
6.17100000000000026290, 	 68639.67015536541293840855, 	 69160.64491108657966833562, 	 68628.06715785956475883722
6.17210000000000036380, 	 68514.32904483201855327934, 	 69038.44790066227142233402, 	 68501.51089701033197343349
6.17320000000000046469, 	 68387.63208067097002640367, 	 68915.38084165113104972988, 	 68373.64166649183607660234
6.17430000000000056559, 	 68259.49195498059270903468, 	 68791.33775238950329367071, 	 68244.38707258946669753641
6.17540000000000066649, 	 68129.82780670568172354251, 	 68666.21852927033614832908, 	 68113.68047965115692932159
6.17649999999999987921, 	 67998.56707255187211558223, 	 68539.92884541983949020505, 	 67981.45353004634671378881
6.17759999999999998010, 	 67865.64507510702242143452, 	 68412.38001265030470676720, 	 67847.63986389254569076002
6.17870000000000008100, 	 67731.00395273146568797529, 	 68283.48876067511446308345, 	 67712.17667131339840125293
6.17980000000000018190, 	 67594.59158669688622467220, 	 68153.17730833121458999813, 	 67575.00854468457691837102
6.18090000000000028280, 	 67456.36114977339457254857, 	 68021.37341906402434688061, 	 67436.08526888664346188307
6.18200000000000038369, 	 67316.27067603905743453652, 	 67888.01032375417707953602, 	 67295.36159940947254654020
6.18310000000000048459, 	 67174.28272545602521859109, 	 67753.02664332116546574980, 	 67152.79836252369568683207
6.18420000000000058549, 	 67030.36439290150883607566, 	 67616.36638754967134445906, 	 67008.36319115826336201280
6.18530000000000068638, 	 66884.48767003302054945379, 	 67477.97900699180900119245, 	 66862.03026036362280137837
6.18639999999999989910, 	 66736.62993320937675889581, 	 67337.81943444116041064262, 	 66713.77927093207836151123
6.18750000000000000000, 	 66586.77427106835239101201, 	 67195.84806382111855782568, 	 66563.59436021588044241071
6.18860000000000010090, 	 66434.90948866901453584433, 	 67052.03067054747953079641, 	 66411.46398209803737699986
6.18970000000000020179, 	 66281.02991272321378346533, 	 66906.33836027579673100263, 	 66257.38168967010278720409
6.19080000000000030269, 	 66125.13521418247546534985, 	 66758.74755170558637473732, 	 66101.34652836910390760750
6.19190000000000040359, 	 65967.23031968898430932313, 	 66609.23998777619272004813, 	 65943.36286702619690913707
6.19300000000000050449, 	 65807.32532291192910633981, 	 66457.80268224321480374783, 	 65783.43940063267655204982
6.19410000000000060538, 	 65645.43522871856112033129, 	 66304.42779090725525747985, 	 65621.58853871267638169229
6.19520000000000070628, 	 65481.57953034997626673430, 	 66149.11242332610709127039, 	 65457.82627597097598481923
6.19629999999999991900, 	 65315.78172590327449142933, 	 65991.85844655041000805795, 	 65292.17287246374326059595
6.19740000000000001990, 	 65148.06901015955372713506, 	 65832.67236693248560186476, 	 65124.65376768600981449708
6.19850000000000012079, 	 64978.46993434208707185462, 	 65671.57530618509917985648, 	 64955.29791690115234814584
6.19960000000000022169, 	 64807.02137828488775994629, 	 65508.56933642210788093507, 	 64784.14321232733345823362
6.20070000000000032259, 	 64633.76355920029163826257, 	 65343.67657176477950997651, 	 64611.23248880820756312460
6.20180000000000042348, 	 64458.74038522598129929975, 	 65176.92268046919343760237, 	 64436.60950677490473026410
6.20290000000000052438, 	 64282.00025937324971891940, 	 65008.33732135884929448366, 	 64260.32144671415153425187
6.20400000000000062528, 	 64103.59587722850847057998, 	 64837.95426137328468030319, 	 64082.41896324385015759617
6.20510000000000072617, 	 63923.58386057260941015556, 	 64665.81128589004947571084, 	 63902.95491477328323526308
6.20619999999999993889, 	 63742.02411574871803168207, 	 64491.94996643209742614999, 	 63721.98365545261185616255
6.20730000000000003979, 	 63558.97900471981120062992, 	 64316.41537357415654696524, 	 63539.56131044503854354843
6.20840000000000014069, 	 63374.51257659594557480887, 	 64139.25579000987636391073, 	 63355.74628811480943113565
6.20950000000000024158, 	 63188.69004580257751513273, 	 63960.52244648576015606523, 	 63170.59962864439148688689
6.21060000000000034248, 	 63001.57757655447494471446, 	 63780.26928517295164056122, 	 62984.18504280225170077756
6.21170000000000044338, 	 62813.24232680549175711349, 	 63598.55275542443268932402, 	 62796.56879313790705054998
6.21280000000000054428, 	 62623.75265307776862755418, 	 63415.43162745430163340643, 	 62607.81910621559654828161
6.21390000000000064517, 	 62433.17831351047061616555, 	 63230.96681508229085011408, 	 62418.00579045256745303050
6.21499999999999985789, 	 62241.59059976138087222353, 	 63045.22123607911635190248, 	 62227.20022548811539309099
6.21609999999999995879, 	 62049.06241278892412083223, 	 62858.25969722488662227988, 	 62035.47503320558462291956
6.21720000000000005969, 	 61855.66824554382765199989, 	 62670.14880443118454422802, 	 61842.90459529616055078804
6.21830000000000016058, 	 61661.48418581076111877337, 	 62480.95690135302720591426, 	 61649.56397582300269277766
6.21940000000000026148, 	 61466.58770475551136769354, 	 62290.75385022705449955538, 	 61455.52763208003307227045
6.22050000000000036238, 	 61271.05714556158636696637, 	 62099.61087269324343651533, 	 61260.87085496962390607223
6.22160000000000046327, 	 61074.97135631390847265720, 	 61907.60044466707040555775, 	 61065.67017900105565786362
6.22270000000000056417, 	 60878.40951150725595653057, 	 61714.79616526022437028587, 	 60870.00262544832366984338
6.22380000000000066507, 	 60681.45093753351102350280, 	 61521.27257084115262841806, 	 60673.94507804016757290810
6.22489999999999987779, 	 60484.17487187399819958955, 	 61327.10493564999342197552, 	 60477.57422915403003571555
6.22599999999999997868, 	 60286.66022563177102711052, 	 61132.36908654442231636494, 	 60280.96668720983143430203
6.22710000000000007958, 	 60088.98540911658346885815, 	 60937.14123084974562516436, 	 60084.19892471311322879046
6.22820000000000018048, 	 59891.22821219373145140707, 	 60741.49778544250875711441, 	 59887.34692682164313737303
6.22930000000000028137, 	 59693.46568779509834712371, 	 60545.51520013998378999531, 	 59690.48597241041716188192
6.23040000000000038227, 	 59495.77403064229292795062, 	 60349.26980617650406202301, 	 59493.69090647809207439423
6.23150000000000048317, 	 59298.22852261802472639829, 	 60152.83768781116668833420, 	 59297.03594666911521926522
6.23260000000000058407, 	 59100.90351283532072557136, 	 59956.29457150415692012757, 	 59100.59463023974240059033
6.23370000000000068496, 	 58903.87238838696066522971, 	 59759.71567506736028008163, 	 58904.43885126679379027337
6.23479999999999989768, 	 58707.20739758606214309111, 	 59563.17554354602179955691, 	 58708.63873240063549019396
6.23589999999999999858, 	 58510.97937397020723437890, 	 59366.74786399429285665974, 	 58513.26251600487012183294
6.23700000000000009948, 	 58315.25744236761238425970, 	 59170.50533230724249733612, 	 58318.37725467284326441586
6.23810000000000020037, 	 58120.10886081232456490397, 	 58974.51952126101969042793, 	 58124.04836125479778274894
6.23920000000000030127, 	 57925.59889945758186513558, 	 58778.86073985636903671548, 	 57930.33955098736623767763
6.24030000000000040217, 	 57731.79076184544828720391, 	 58583.59791663115902338177, 	 57737.31294450609857449308
6.24140000000000050306, 	 57538.74556773803487885743, 	 58388.79848599761317018420, 	 57545.02877135272137820721
6.24250000000000060396, 	 57346.52233768182486528531, 	 58194.52827882485144073144, 	 57353.54523221635463414714
6.24360000000000070486, 	 57155.17796135171374771744, 	 58000.85141674527403665707, 	 57162.91835158309550024569
6.24469999999999991758, 	 56964.76714222694135969505, 	 57807.83021570524579146877, 	 56973.20192966039030579850
6.24580000000000001847, 	 56775.34232842311757849529, 	 57615.52509265400294680148, 	 56784.44738490451709367335
6.24690000000000011937, 	 56586.95361688425327884033, 	 57423.99446713583165546879, 	 56596.70358086020860355347
6.24800000000000022027, 	 56399.64862611734133679420, 	 57233.29466384850820759311, 	 56410.01689239076222293079
6.24910000000000032117, 	 56213.47239190145774045959, 	 57043.47984726096183294430, 	 56224.43154560194670921192
6.25020000000000042206, 	 56028.46735065381653839722, 	 56854.60197115414484869689, 	 56039.98959723053849302232
6.25130000000000052296, 	 55844.67338298365939408541, 	 56666.71074311607662821189, 	 55856.73094423205475322902
6.25240000000000062386, 	 55662.12789458715997170657, 	 56479.85359494052681839094, 	 55674.69314423495961818844
6.25350000000000072475, 	 55480.86587931853136979043, 	 56294.07564433153311256319, 	 55493.91115094092674553394
6.25459999999999993747, 	 55300.91992175968334777281, 	 56109.41965476427139947191, 	 55314.41662796132732182741
6.25570000000000003837, 	 55122.31992549399728886783, 	 55925.92564717651112005115, 	 55136.23341859068750636652
6.25680000000000013927, 	 54945.09214965045975986868, 	 55743.63101910133264027536, 	 54959.39030652477231342345
6.25790000000000024016, 	 54769.26016832188179250807, 	 55562.57101266754034440964, 	 54783.91602204452647129074
6.25900000000000034106, 	 54594.84577567908127093688, 	 55382.77846164367656456307, 	 54609.83228042456903494895
6.26010000000000044196, 	 54421.86862901041604345664, 	 55204.28362918909260770306, 	 54437.15686175842711236328
6.26120000000000054285, 	 54250.34578195006179157645, 	 55027.11414875863556517288, 	 54265.90441698367067147046
6.26230000000000064375, 	 54080.29128950897575123236, 	 54851.29491463016893249005, 	 54096.08599310540012083948
6.26339999999999985647, 	 53911.71581114563014125451, 	 54676.84799968057632213458, 	 53927.70998957417759811506
6.26449999999999995737, 	 53744.62645258279371773824, 	 54503.79265267429582308978, 	 53760.78315309772006003186
6.26560000000000005826, 	 53579.02696744701097486541, 	 54332.14535237195377703756, 	 53595.31086843560478882864
6.26670000000000015916, 	 53414.91821624035947024822, 	 54161.91988375275104772300, 	 53431.29681612704007420689
6.26780000000000026006, 	 53252.29867454013583483174, 	 53993.12740444345399737358, 	 53268.74234489863010821864
6.26890000000000036096, 	 53091.16462908269022591412, 	 53825.77830990077927708626, 	 53107.64592031810752814636
6.27000000000000046185, 	 52931.50949858731473796070, 	 53659.87989858673972776160, 	 52948.00231336287106387317
6.27110000000000056275, 	 55028.37857482864637859166, 	 53612.67477394326851936057, 	 52831.37810452010307926685
6.27220000000000066365, 	 56047.62425045677809976041, 	 53734.02922799819498322904, 	 52952.16682042096363147721
6.27329999999999987637, 	 56802.93154250857332954183, 	 53947.01865860860561951995, 	 53325.85086315944499801844
6.27439999999999997726, 	 57346.21144326140347402543, 	 54179.80825538345379754901, 	 53800.54111215336888562888
6.27550000000000007816, 	 57433.20242783414141740650, 	 54437.61662316344154532999, 	 54291.03312827946501784027
6.27660000000000017906, 	 57385.58273588465090142563, 	 54617.27430661355174379423, 	 54809.76485999503347557038
6.27770000000000027995, 	 57321.25764832987624686211, 	 54824.91111670984537340701, 	 55348.51801646628155140206
6.27880000000000038085, 	 57294.12343799624795792624, 	 55098.25139687870978377759, 	 55811.82741165068000555038
6.27990000000000048175, 	 57351.86952925402874825522, 	 55440.55153906788473250344, 	 56186.94839366706582950428
6.28100000000000058265, 	 57506.61601534127112245187, 	 55727.75623697043920401484, 	 56470.96759064891375601292
6.28210000000000068354, 	 57749.83047951934713637456, 	 55995.09702410657337168232, 	 56718.76193564331333618611
6.28319999999999989626, 	 58059.82436587529082316905, 	 56260.81007178506115451455, 	 56940.65611541585531085730
6.28429999999999999716, 	 58417.58546849679260049015, 	 56539.95481022645981283858, 	 57185.82695697818417102098
6.28540000000000009805, 	 58802.98155909097840776667, 	 56827.03425806813902454451, 	 57482.82516829491214593872
6.28650000000000019895, 	 59202.10058915456465911120, 	 57125.17855674446036573499, 	 57816.80627112257934641093
6.28760000000000029985, 	 59606.36012950605072546750, 	 57437.27240347766928607598, 	 58171.91916688124183565378
6.28870000000000040075, 	 60010.14185366100718965754, 	 57763.84357746881869388744, 	 58542.77800261298398254439
6.28980000000000050164, 	 60410.81806657997367437929, 	 58104.09877047131885774434, 	 58930.40747909636411350220
6.29090000000000060254, 	 60808.96213918314606416970, 	 58457.14617828988411929458, 	 59336.90693348213972058147
6.29200000000000070344, 	 61207.85961152549862163141, 	 58822.54724040464498102665, 	 59761.99269915772310923785
6.29309999999999991616, 	 61612.27839351391594391316, 	 59200.23969712654798058793, 	 60202.23134530119568808004
6.29420000000000001705, 	 62026.90227859235892537981, 	 59590.18389385579939698800, 	 60652.40974501118762418628
6.29530000000000011795, 	 62454.98484318424743833020, 	 59992.05868448870023712516, 	 61107.57059093331918120384
6.29640000000000021885, 	 62897.62510073451994685456, 	 60405.15840552472218405455, 	 61564.50236877466522855684
6.29750000000000031974, 	 63353.77076081740960944444, 	 60828.47744438023801194504, 	 62022.20200645169825293124
6.29860000000000042064, 	 63820.79236765628593275324, 	 61260.88534952896588947624, 	 62481.41124944705370580778
6.29970000000000052154, 	 64295.32858256992767564952, 	 61701.29064271018432918936, 	 62943.68864664505235850811
6.30080000000000062244, 	 64774.09774258185643702745, 	 62148.73164902340795379132, 	 63410.42795317000127397478
6.30190000000000072333, 	 65254.46960949467029422522, 	 62602.39388131607120158151, 	 63882.61683300174627220258
6.30299999999999993605, 	 65734.76580049426411278546, 	 63061.59743781286670127884, 	 64360.44601165867788949981
6.30410000000000003695, 	 66214.26532732027408201247, 	 63525.75526009997702203691, 	 64843.41155241280648624524
6.30520000000000013785, 	 66693.00607635255437344313, 	 63994.33615423902665497735, 	 65330.62746843269997043535
6.30630000000000023874, 	 67171.50127982144476845860, 	 64466.84851259252900490537, 	 65821.12508128852641675621
6.30740000000000033964, 	 67652.28697998019924852997, 	 64936.32920040126191452146, 	 66318.67701316197053529322
6.30850000000000044054, 	 68136.13363037683302536607, 	 65410.49933454010897548869, 	 66814.81051244368427433074
6.30960000000000054143, 	 68621.32061649246315937489, 	 65888.73986287806474138051, 	 67311.22878156995284371078
6.31070000000000064233, 	 69107.37227818550309166312, 	 66370.16480227668944280595, 	 67808.60688844659307505935
6.31180000000000074323, 	 69594.19449376556440256536, 	 66854.19192472877330146730, 	 68307.02446478445199318230
6.31289999999999995595, 	 70081.76140463033516425639, 	 67340.40157405489298980683, 	 68806.30260314163751900196
6.31400000000000005684, 	 70570.00789740699110552669, 	 67828.46064115640183445066, 	 69306.17153987668280024081
6.31510000000000015774, 	 71058.79473278690420556813, 	 68318.08094260429788846523, 	 69806.37071675492916256189
6.31620000000000025864, 	 71547.91016758726618718356, 	 68808.99787883808312471956, 	 70306.69095680801547132432
6.31730000000000035953, 	 72037.09262009247322566807, 	 69300.96049142847186885774, 	 70806.97093444292841013521
6.31840000000000046043, 	 72526.06109552395355422050, 	 69793.72707985855231527239, 	 71307.06954153190599754453
6.31950000000000056133, 	 73014.54184045676083769649, 	 70287.06286243420618120581, 	 71806.83409374067559838295
6.32060000000000066223, 	 73502.28406359226210042834, 	 70780.73820527833595406264, 	 72306.08814941099262796342
6.32169999999999987494, 	 73989.06469868675048928708, 	 71274.52782108957762829959, 	 72804.63598481452208943665
6.32279999999999997584, 	 74474.68562372529413551092, 	 71768.21050516034301836044, 	 73302.26574544805043842643
6.32390000000000007674, 	 74958.96615391416708007455, 	 72261.56897648333688266575, 	 73798.75725648493971675634
6.32500000000000017764, 	 75441.73429251305060461164, 	 72754.38989423372549936175, 	 74293.89394874888239428401
6.32610000000000027853, 	 75922.82010621762310620397, 	 73246.46428250570897944272, 	 74787.47477883689862210304
6.32720000000000037943, 	 76402.05328618164639919996, 	 73737.58847597845306154341, 	 75279.32215478332364000380
6.32830000000000048033, 	 76879.26515157759422436357, 	 74227.56553699490905273706, 	 75769.28521797024586703628
6.32940000000000058122, 	 77354.29396583710331469774, 	 74716.20698578956944402307, 	 76257.23744122154312208295
6.33050000000000068212, 	 77826.99141857546055689454, 	 75203.33450039585295598954, 	 76743.07196907735487911850
6.33159999999999989484, 	 78297.22835967483115382493, 	 75688.78153542980726342648, 	 77226.69773195791640318930
6.33269999999999999574, 	 78764.89863182448607403785, 	 76172.39470003677706699818, 	 77708.03573573050380218774
6.33380000000000009663, 	 79229.92042523235431872308, 	 76654.03482022765092551708, 	 78187.01744900119956582785
6.33490000000000019753, 	 79692.23541517450939863920, 	 77133.57769294003082904965, 	 78663.58470732037676498294
6.33600000000000029843, 	 80151.80633280653273686767, 	 77610.91448053393105510622, 	 79137.69020618507056497037
6.33710000000000039933, 	 80608.61379016385762952268, 	 78085.95185303527978248894, 	 79609.29985717929957900196
6.33820000000000050022, 	 81062.65331361339485738426, 	 78558.61194174661068245769, 	 80078.39379096178163308650
6.33930000000000060112, 	 81513.93299968884093686938, 	 79028.83208938063762616366, 	 80544.96681341955263633281
6.34040000000000070202, 	 81962.47198771339026279747, 	 79496.56450054339074995369, 	 81009.02867156751744914800
6.34149999999999991473, 	 82408.29976328706834465265, 	 79961.77582274844462517649, 	 81470.60359394917031750083
6.34260000000000001563, 	 82851.45608979384996928275, 	 80424.44671911535260733217, 	 81929.72970775536668952554
6.34370000000000011653, 	 83291.99134097294881939888, 	 80884.57146765453217085451, 	 82386.45826774927263613790
6.34480000000000021743, 	 83729.96698031359119340777, 	 81342.15759651703410781920, 	 82840.85272953049570787698
6.34590000000000031832, 	 84165.45595654672069940716, 	 81797.22554410596785601228, 	 83292.98779031551384832710
6.34700000000000041922, 	 84598.54285116145911160856, 	 82249.80832354254380334169, 	 83742.94850065735226962715
6.34810000000000052012, 	 85029.32369973504683002830, 	 82699.95116984141350258142, 	 84190.82950678732595406473
6.34920000000000062101, 	 85457.90549150407605338842, 	 83147.71115227413247339427, 	 84636.73443111541564576328
6.35030000000000072191, 	 85884.40541150678473059088, 	 83593.15673976935795508325, 	 85080.77532200758287217468
6.35139999999999993463, 	 86308.94991538142494391650, 	 84036.36731223762035369873, 	 85523.07218145356455352157
6.35250000000000003553, 	 86731.67373919114470481873, 	 84477.43262431728362571448, 	 85963.75253797162440605462
6.35360000000000013642, 	 87152.71893330028979107738, 	 84916.45222581879352219403, 	 86402.95088555972324684262
6.35470000000000023732, 	 87572.23395975996390916407, 	 85353.53484033240238204598, 	 86840.80800500989425927401
6.35580000000000033822, 	 87990.37285923660965636373, 	 85788.79770799957623239607, 	 87277.47022722243855241686
6.35690000000000043912, 	 88407.29447786923265084624, 	 86222.36590017714479472488, 	 87713.08865450196026358753
6.35800000000000054001, 	 88823.16173509522923268378, 	 86654.37161358243611175567, 	 88147.81836418842431157827
6.35910000000000064091, 	 89238.14091200125403702259, 	 87084.95345016526698600501, 	 88581.81760589599434752017
6.36020000000000074181, 	 89652.40094220146420411766, 	 87514.25568694208050146699, 	 89015.24700979184126481414
6.36129999999999995453, 	 90066.11270746348600368947, 	 87942.42755779351864475757, 	 89448.26944415891193784773
6.36240000000000005542, 	 90479.44839719489391427487, 	 88369.62253342171607073396, 	 89881.04751601660973392427
6.36350000000000015632, 	 90892.58061180470394901931, 	 88795.99746578653866890818, 	 90313.74331489487667568028
6.36460000000000025722, 	 91305.68144161385134793818, 	 89221.71185383337433449924, 	 90746.51938519933901261538
6.36570000000000035811, 	 91718.92183497340010944754, 	 89646.92716787938843481243, 	 91179.53762226698745507747
6.36680000000000045901, 	 92132.47104994884284678847, 	 90071.80615632877743337303, 	 91612.95799929484201129526
6.36790000000000055991, 	 92546.49605001218151301146, 	 90496.51212353960727341473, 	 92046.93758107714529614896
6.36900000000000066080, 	 92961.16081708318961318582, 	 90921.20819571468746289611, 	 92481.62986269535031169653
6.37009999999999987352, 	 93376.62562416309083346277, 	 91346.05659758373803924769, 	 92917.18432318387203849852
6.37119999999999997442, 	 93793.04633083342923782766, 	 91771.21795554697746410966, 	 93353.74604570395604241639
6.37230000000000007532, 	 94210.57374887584592215717, 	 92196.85063335031736642122, 	 93791.45530458743451163173
6.37340000000000017621, 	 94629.35309362466796301305, 	 92623.11009855674637947232, 	 94230.44706312844937201589
6.37450000000000027711, 	 95049.52350596954056527466, 	 93050.14831462687288876623, 	 94670.85041329714294988662
6.37560000000000037801, 	 95471.21761655285081360489, 	 93478.11315470721456222236, 	 95112.78800938175118062645
6.37670000000000047891, 	 95894.56112641253275796771, 	 93907.14783571484440471977, 	 95556.37553956372721586376
6.37780000000000057980, 	 96319.67238972774066496640, 	 94337.39037340010690968484, 	 96001.72125730432162526995
6.37890000000000068070, 	 96746.66199702765152323991, 	 94768.97306002283585257828, 	 96448.92557309886615257710
6.37999999999999989342, 	 97175.63236592164321336895, 	 95202.02196620247559621930, 	 96898.08069382100075017661
6.38109999999999999432, 	 97606.67734969903540331870, 	 95636.65646786843717563897, 	 97349.27029357291758060455
6.38220000000000009521, 	 98039.88187254068907350302, 	 96072.98879855762061197311, 	 97802.56920421663380693644
6.38330000000000019611, 	 98475.32159637015138287097, 	 96511.12362690646841656417, 	 98258.04312086725258268416
6.38440000000000029701, 	 98913.06262046958727296442, 	 96951.15765912807546555996, 	 98715.74832350914948619902
6.38550000000000039790, 	 99353.16121239766653161496, 	 97393.17926642508246004581, 	 99175.73141893105639610440
6.38660000000000049880, 	 99795.66356773192819673568, 	 97837.26813740996294654906, 	 99638.02910357038490474224
6.38770000000000059970, 	 100240.60559584201837424189, 	 98283.49495573781314305961, 	 100102.66796357931161765009
6.38880000000000070060, 	 100688.01273176382528617978, 	 98731.92110418542870320380, 	 100569.66430083956220187247
6.38989999999999991331, 	 101137.89977347091189585626, 	 99182.59839430390275083482, 	 101039.02396990481065586209
6.39100000000000001421, 	 101590.27074265357805415988, 	 99635.56882343764300458133, 	 101510.74237984485807828605
6.39210000000000011511, 	 102045.11876998576917685568, 	 100090.86433096055407077074, 	 101984.80237227732141036540
6.39320000000000021600, 	 102502.42561586588271893561, 	 100548.50636213440157007426, 	 102461.17524862854043021798
6.39430000000000031690, 	 102962.16153454830055125058, 	 101008.50603453059738967568, 	 102939.83175907592521980405
6.39540000000000041780, 	 103424.28859575082606170326, 	 101470.86678814017795957625, 	 103420.80481894451077096164
6.39650000000000051870, 	 103888.77191098367620725185, 	 101935.58729489802499301732, 	 103904.02656571511761285365
6.39760000000000061959, 	 104355.57014176939264871180, 	 102402.65303672796289902180, 	 104389.36236000197823159397
6.39870000000000072049, 	 104824.61939123785123229027, 	 102872.03477018886769656092, 	 104876.70454802030872087926
6.39979999999999993321, 	 105295.83177302117110230029, 	 103343.68977301412087399513, 	 105365.95570483137271367013
6.40090000000000003411, 	 105769.09922981452837120742, 	 103817.56291633199725765735, 	 105857.02064747341501060873
6.40200000000000013500, 	 106244.29920661986398044974, 	 104293.58769543755624908954, 	 106349.80300771913607604802
6.40310000000000023590, 	 106721.30062464709044434130, 	 104771.68717218285019043833, 	 106844.19898876226216088980
6.40420000000000033680, 	 107199.96825754744349978864, 	 105251.77456326092942617834, 	 107340.08959948166739195585
6.40530000000000043769, 	 107680.16409800350083969533, 	 105733.75328169035492464900, 	 107837.33512835593137424439
6.40640000000000053859, 	 108161.74555779989168513566, 	 106217.51649459867621771991, 	 108335.77437028667191043496
6.40750000000000063949, 	 108644.56163501183618791401, 	 106702.94647427544987294823, 	 108835.22845308278920128942
6.40860000000000074039, 	 109128.44886085140751674771, 	 107189.91407738476118538529, 	 109335.50732062380120623857
6.40969999999999995310, 	 109613.22871977739850990474, 	 107678.27860184975725132972, 	 109836.41561938259110320359
6.41080000000000005400, 	 110098.70735920789593365043, 	 108167.88802199310157448053, 	 110337.75523585353221278638
6.41190000000000015490, 	 110584.67732053594954777509, 	 108658.57950064970646053553, 	 110839.32586974595324136317
6.41300000000000025580, 	 111070.92052534008689690381, 	 109150.18007322323683183640, 	 111340.92327185859903693199
6.41410000000000035669, 	 111557.21144385315710678697, 	 109642.50733737378322985023, 	 111842.33687234693206846714
6.41520000000000045759, 	 112043.31961671625322196633, 	 110135.37013552608550526202, 	 112343.34927766436885576695
6.41630000000000055849, 	 112529.01134155488398391753, 	 110628.56928259230335243046, 	 112843.73648781140218488872
6.41740000000000065938, 	 113014.05053908329864498228, 	 111121.89825473456585314125, 	 113343.26704504687222652137
6.41849999999999987210, 	 113498.19872060122725088149, 	 111615.14371750822465401143, 	 113841.70170794146542903036
6.41959999999999997300, 	 113981.21423845355457160622, 	 112108.08590574927802663296, 	 114338.79406751447822898626
6.42070000000000007390, 	 114462.85121083432750310749, 	 112600.49888352613197639585, 	 114834.29125243313319515437
6.42180000000000017479, 	 114942.85843321389984339476, 	 113092.15068015235010534525, 	 115327.93401240371167659760
6.42290000000000027569, 	 115420.97840318916132673621, 	 113582.80329012498259544373, 	 115819.45671580191992688924
6.42400000000000037659, 	 115896.94656187164946459234, 	 114072.21260258778056595474, 	 116308.58814681804506108165
6.42510000000000047748, 	 116370.49095330784621182829, 	 114560.12837146756646689028, 	 116795.05294458879507146776
6.42620000000000057838, 	 116841.33251228865992743522, 	 115046.29434950261202175170, 	 117278.57369810792442876846
6.42730000000000067928, 	 117309.18612902898166794330, 	 115530.44865923217730596662, 	 117758.87248931506474036723
6.42839999999999989200, 	 117773.76236538328521419317, 	 116012.32436869473895058036, 	 118235.67138951203378383070
6.42949999999999999289, 	 118234.76946685112488921732, 	 116491.65020438833744265139, 	 118708.69241431588307023048
6.43060000000000009379, 	 118691.91527997519006021321, 	 116968.15131838934030383825, 	 119177.65694691990211140364
6.43170000000000019469, 	 119144.90872671187389642000, 	 117441.55003409287019167095, 	 119642.28524934106098953635
6.43280000000000029559, 	 119593.46066521899774670601, 	 117911.56652659096289426088, 	 120102.29629764407582115382
6.43390000000000039648, 	 120037.28414933169551659375, 	 118377.91941345209488645196, 	 120557.40796470230270642787
6.43500000000000049738, 	 120476.09423477030941285193, 	 118840.32625575740530621260, 	 121007.33765727930585853755
6.43610000000000059828, 	 120909.60757551237475126982, 	 119298.50399288591870572418, 	 121451.80325644646654836833
6.43720000000000069917, 	 121337.54206354173948056996, 	 119752.16934124524414073676, 	 121890.52417240610520821065
6.43829999999999991189, 	 121759.61670332077483180910, 	 120201.03918396604422014207, 	 122323.22296104232373181731
6.43940000000000001279, 	 122175.55202675472537521273, 	 120644.83116422372404485941, 	 122749.62512585555668920279
6.44050000000000011369, 	 122585.07029116840567439795, 	 121083.26353249727981165051, 	 123169.45383728182059712708
6.44160000000000021458, 	 122987.89549284314853139222, 	 121516.05598220566753298044, 	 123582.44597404095111414790
6.44270000000000031548, 	 123383.75527680209779646248, 	 121942.93021465220954269171, 	 123988.33729563650558702648
6.44380000000000041638, 	 123772.38141687223105691373, 	 122363.61013256396108772606, 	 124386.86558356632303912193
6.44490000000000051728, 	 124153.50994958169758319855, 	 122777.82214625293272547424, 	 124777.77263428067089989781
6.44600000000000061817, 	 124526.88139840481744613498, 	 123185.29557217835099436343, 	 125160.80530824844026938081
6.44710000000000071907, 	 124892.24114847434975672513, 	 123585.76308660442009568214, 	 125535.71611191010742913932
6.44819999999999993179, 	 125249.33993825984362047166, 	 123978.96119210391771048307, 	 125902.26343377587909344584
6.44930000000000003268, 	 125597.93438500679621938616, 	 124364.63066929618071299046, 	 126260.21166037899092771113
6.45040000000000013358, 	 125937.78746857939404435456, 	 124742.51700307741702999920, 	 126609.33131863836024422199
6.45150000000000023448, 	 126268.66893520842131692916, 	 125112.37078481502248905599, 	 126949.39933382799790706486
6.45260000000000033538, 	 126590.35562246074550785124, 	 125473.94809415952477138489, 	 127280.19930685193685349077
6.45370000000000043627, 	 126902.63171792383946012706, 	 125827.01085910643450915813, 	 127601.52179902150237467140
6.45480000000000053717, 	 127205.28896948968758806586, 	 126171.32719380441994871944, 	 127913.16460895659110974520
6.45590000000000063807, 	 127498.12686557155393529683, 	 126506.67171296940068714321, 	 128214.93302041736023966223
6.45700000000000073896, 	 127780.95279800605203490704, 	 126832.82582214206922799349, 	 128506.64001704496331512928
6.45809999999999995168, 	 128053.58221465208043809980, 	 127149.57798377469589468092, 	 128788.10646469584025908262
6.45920000000000005258, 	 128315.83876384084578603506, 	 127456.72395974271057639271, 	 129059.16126497571531217545
6.46030000000000015348, 	 128567.55442971450975164771, 	 127754.06703138029843103141, 	 129319.64148429864144418389
6.46140000000000025437, 	 128808.56965518626384437084, 	 128041.41819723391381558031, 	 129569.39244678065006155521
6.46250000000000035527, 	 129038.73344816981989424676, 	 128318.59635048708878457546, 	 129808.26784748175123240799
6.46360000000000045617, 	 129257.90347228327300399542, 	 128585.42843638485646806657, 	 130036.12978669352014549077
6.46470000000000055707, 	 129465.94611279435048345476, 	 128841.74958701524883508682, 	 130252.84880572654947172850
6.46580000000000065796, 	 129662.73651634519046638161, 	 129087.40323565839207731187, 	 130458.30393174149503465742
6.46689999999999987068, 	 129848.15860944587620906532, 	 129322.24121225542330648750, 	 130652.38270970678422600031
6.46799999999999997158, 	 130022.10509924172947648913, 	 129546.12381971927243284881, 	 130834.98118966385663952678
6.46910000000000007248, 	 130184.47745433470117859542, 	 129758.91988942890020553023, 	 131006.00389529115636833012
6.47020000000000017337, 	 130335.18586515885544940829, 	 129960.50681702210567891598, 	 131165.36379637641948647797
6.47130000000000027427, 	 130474.14918809280788991600, 	 130150.77058024330472107977, 	 131312.98227362017496488988
6.47240000000000037517, 	 130601.29487784775847103447, 	 130329.60574075474869459867, 	 131448.78909271987504325807
6.47350000000000047606, 	 130716.55891565032652579248, 	 130496.91543333976005669683, 	 131572.72235210234066471457
6.47460000000000057696, 	 130826.30415940181410405785, 	 130644.51533053068851586431, 	 131686.43394048768095672131
6.47570000000000067786, 	 130920.70863631850806996226, 	 130780.11897262936690822244, 	 131791.27231290284544229507
6.47679999999999989058, 	 131000.68498942266160156578, 	 130905.93358422226447146386, 	 131883.79012082307599484921
6.47789999999999999147, 	 131068.37594287871615961194, 	 131020.99320194574829656631, 	 131963.09568433606182225049
6.47900000000000009237, 	 131124.56172405547113157809, 	 131124.64426884858403354883, 	 132029.22512932715471833944
6.48010000000000019327, 	 131169.33455281279748305678, 	 131216.60251545635401271284, 	 132082.36247609424754045904
6.48120000000000029416, 	 131202.46560708194738253951, 	 131296.75049764348659664392, 	 132122.89326379672274924815
6.48230000000000039506, 	 131223.64561465321457944810, 	 131365.02498952089808881283, 	 132151.02693734547938220203
6.48340000000000049596, 	 131232.60288296174257993698, 	 131421.37755799322621896863, 	 132167.25110277847852557898
6.48450000000000059686, 	 131229.21137461130274459720, 	 131465.77282857266254723072, 	 132171.73874413233716040850
6.48560000000000069775, 	 131213.48863333568442612886, 	 131498.18773728888481855392, 	 132165.02022120924084447324
6.48669999999999991047, 	 131185.65206160963862203062, 	 131518.64653733323211781681, 	 132146.70941862993640825152
6.48780000000000001137, 	 131145.94633077742764726281, 	 131527.15206703814328648150, 	 132116.89526398235466331244
6.48890000000000011227, 	 131094.61018902220530435443, 	 131523.77297411405015736818, 	 132075.71365472083562053740
6.49000000000000021316, 	 130989.29815417772624641657, 	 131536.92213378311134874821, 	 132022.77976256533293053508
6.49110000000000031406, 	 130893.69799965515267103910, 	 131540.47575542569393292069, 	 131951.29905359959229826927
6.49220000000000041496, 	 130801.79928816000756341964, 	 131515.77824394826893694699, 	 131867.28292001597583293915
6.49330000000000051585, 	 130709.82384779416315723211, 	 131514.04992146563017740846, 	 131731.15513400224153883755
6.49440000000000061675, 	 130605.49078432819806039333, 	 131483.10501169043709523976, 	 131598.81713236463838256896
6.49550000000000071765, 	 130481.08009134992607869208, 	 131453.50898699939716607332, 	 131477.10465554459369741380
6.49659999999999993037, 	 130330.66218411613954231143, 	 131374.35508827745798043907, 	 131355.73598665828467346728
6.49770000000000003126, 	 130171.65348442469257861376, 	 131291.04626013399683870375, 	 131222.50867547007510438561
6.49880000000000013216, 	 130018.56566096658934839070, 	 131180.90146803937386721373, 	 131075.95054604695178568363
6.49990000000000023306, 	 129866.82259130943566560745, 	 131046.83791047040722332895, 	 130915.70969774156401399523
6.50100000000000033396, 	 129688.04807174808229319751, 	 130898.25130467234703246504, 	 130747.09692680173611734062
6.50210000000000043485, 	 129490.59338177728932350874, 	 130737.06763721669267397374, 	 130570.33950382974580861628
6.50320000000000053575, 	 129281.03456921469478402287, 	 130578.55222057928040158004, 	 130383.12074794962245505303
6.50430000000000063665, 	 129063.46096751034201588482, 	 130413.90406047852593474090, 	 130182.68791781729669310153
6.50540000000000073754, 	 128840.30083852350071538240, 	 130240.17830640389001928270, 	 129967.42820630269125103951
6.50649999999999995026, 	 128611.58500335518328938633, 	 130056.32920140330679714680, 	 129737.47662853966176044196
6.50760000000000005116, 	 128375.76393748699047137052, 	 129861.65158480100217275321, 	 129499.93833587397239170969
6.50870000000000015206, 	 128129.47515792385092936456, 	 129652.26487765743513591588, 	 129258.89256226197176147252
6.50980000000000025295, 	 127870.74673401366453617811, 	 129431.61414511602197308093, 	 129000.93796431421651504934
6.51090000000000035385, 	 127598.73894480349554214627, 	 129200.55260152666596695781, 	 128732.72913299570791423321
6.51200000000000045475, 	 127313.48312839452410116792, 	 128959.09958570539311040193, 	 128456.25098522944608703256
6.51310000000000055564, 	 127015.87489804369397461414, 	 128707.32808153450605459511, 	 128171.22357271448709070683
6.51420000000000065654, 	 126707.16231454259832389653, 	 128445.35301135863119270653, 	 127876.63165854586986824870
6.51529999999999986926, 	 126388.49875726322352420539, 	 128173.25471792760072275996, 	 127571.55153935473936144263
6.51639999999999997016, 	 126060.68518037984904367477, 	 127891.06367447212687693536, 	 127255.54130578741023782641
6.51750000000000007105, 	 125724.10718465747777372599, 	 127598.79047579175676219165, 	 126928.67518376969383098185
6.51860000000000017195, 	 125378.81301545296446420252, 	 127296.46384700265480205417, 	 126591.37329275076626800001
6.51970000000000027285, 	 125024.65664330375147983432, 	 126984.15298924001399427652, 	 126244.17335005311178974807
6.52080000000000037375, 	 124661.43950646455050446093, 	 126661.96856820741959381849, 	 125887.55495994127704761922
6.52190000000000047464, 	 124289.01160852621251251549, 	 126330.04916642488387878984, 	 125521.85640618589241057634
6.52300000000000057554, 	 123907.32079012820031493902, 	 125988.54370744354673661292, 	 125147.27143547148443758488
6.52410000000000067644, 	 123516.41828688564419280738, 	 125637.59777141221275087446, 	 124763.89024916826747357845
6.52519999999999988916, 	 123116.43689883415936492383, 	 125277.34681795701908413321, 	 124371.74946392627316527069
6.52629999999999999005, 	 122707.55777080752886831760, 	 124907.91527262788440566510, 	 123970.87030549751943908632
6.52740000000000009095, 	 122289.97732110285141970962, 	 124529.41861222928855568171, 	 123561.27979424172372091562
6.52850000000000019185, 	 121863.88090873775945510715, 	 124141.96590639791975263506, 	 123143.01923951462958939373
6.52960000000000029274, 	 121429.42589677248906809837, 	 123745.66138543873967137188, 	 122716.14377102231082972139
6.53070000000000039364, 	 120986.73400402128754649311, 	 123340.60479003711952827871, 	 122280.72110607898503076285
6.53180000000000049454, 	 120535.89180797585868276656, 	 122926.89116158692922908813, 	 121836.83041402351227588952
6.53290000000000059543, 	 120076.95794347113405819982, 	 122504.61141534149646759033, 	 121384.59742716979235410690
6.53400000000000069633, 	 119609.98065687633061315864, 	 122073.85688916646176949143, 	 120924.11788508208701387048
6.53509999999999990905, 	 119135.00253428255382459611, 	 121634.71318417269503697753, 	 120455.42848747775133233517
6.53620000000000000995, 	 118652.05848662393691483885, 	 121187.25762819864030461758, 	 119978.60894246373209170997
6.53730000000000011084, 	 118161.18548035659478046000, 	 120731.56351757499214727432, 	 119493.75878197920974344015
6.53840000000000021174, 	 117662.43166513959295116365, 	 120267.70411419824813492596, 	 119000.97643578785937279463
6.53950000000000031264, 	 117155.86044726338877808303, 	 119795.75405394137487746775, 	 118500.34283050977683160454
6.54060000000000041354, 	 116639.86416263662977144122, 	 119321.05539567099185660481, 	 117988.33668756448605563492
6.54170000000000051443, 	 116115.04879385977983474731, 	 118836.68321701994864270091, 	 117471.22426033896044827998
6.54280000000000061533, 	 115582.96779049151518847793, 	 118343.60206070335698314011, 	 116946.98610955491312779486
6.54390000000000071623, 	 115044.16953740482858847827, 	 117842.26782005319546442479, 	 116415.04009882501850370318
6.54499999999999992895, 	 114498.76354432065272703767, 	 117332.97043670798302628100, 	 115875.26568578879232518375
6.54610000000000002984, 	 113946.64904420613311231136, 	 116815.90764746649074368179, 	 115327.76483814958191942424
6.54720000000000013074, 	 113387.63954997446853667498, 	 116291.22095869536860845983, 	 114772.71825377688219305128
6.54830000000000023164, 	 112821.54542608624615240842, 	 115759.01384347560815513134, 	 114210.28631723548460286111
6.54940000000000033253, 	 112248.22160917686414904892, 	 115219.36148016738297883421, 	 113640.57043702896044123918
6.55050000000000043343, 	 111667.58553524008311796933, 	 114672.31774514618155080825, 	 113063.62000915729731786996
6.55160000000000053433, 	 111079.61518427137343678623, 	 114117.92199852890917100012, 	 112479.45603456639219075441
6.55270000000000063523, 	 110484.33721287967637181282, 	 113556.20579498131701257080, 	 111888.09088724000321235508
6.55380000000000073612, 	 109881.81191514758393168449, 	 112987.19854990619933232665, 	 111289.53724800137570127845
6.55489999999999994884, 	 109272.11833791047683916986, 	 112410.93124668856034986675, 	 110683.80871789206867106259
6.55600000000000004974, 	 110484.62614903821668121964, 	 111918.32733299575920682400, 	 110098.25115244527114555240
6.55710000000000015064, 	 111160.63872805124265141785, 	 111561.54312254715478047729, 	 109703.06647998619882855564
6.55820000000000025153, 	 111292.17612504570570308715, 	 111290.02036291341937612742, 	 109519.69877330758026801050
6.55930000000000035243, 	 111055.60612665512599050999, 	 111065.99706330335175152868, 	 109467.23718865989940240979
6.56040000000000045333, 	 110598.13305692789435852319, 	 110857.69996469432953745127, 	 109452.65165456078830175102
6.56150000000000055422, 	 110044.89513785879535134882, 	 110643.64804525057843420655, 	 109407.01506475359201431274
6.56260000000000065512, 	 109489.26426557084778323770, 	 110412.50957877676410134882, 	 109296.29954545039799995720
6.56370000000000075602, 	 108988.82155014079762622714, 	 110161.34882908989675343037, 	 109115.78828455951588694006
6.56479999999999996874, 	 108567.85335106380807701498, 	 109897.70056310341169591993, 	 108876.87646567926276475191
6.56590000000000006963, 	 108228.45199238159693777561, 	 109619.21567721290921326727, 	 108598.55586292639782186598
6.56700000000000017053, 	 107957.18232685573457274586, 	 109333.24283814764930866659, 	 108299.13454457103216554970
6.56810000000000027143, 	 107731.86318123637465760112, 	 109046.97599047566473018378, 	 107992.98358838625426869839
6.56920000000000037232, 	 107529.61524342127086129040, 	 108765.04188761406112462282, 	 107691.17121345784107688814
6.57030000000000047322, 	 107331.57032622277620248497, 	 108489.76200143863388802856, 	 107401.99152758320269640535
6.57140000000000057412, 	 107125.22489502615644596517, 	 108222.79737864185881335288, 	 107130.85449334284930955619
6.57250000000000067502, 	 106905.46753270382760092616, 	 107962.49251249815279152244, 	 106880.21189095714362338185
6.57359999999999988773, 	 106673.90028755732055287808, 	 107707.68899056078225839883, 	 106649.64189781127788592130
6.57469999999999998863, 	 106435.82055988624051678926, 	 107458.34365153391263447702, 	 106435.45684688040637411177
6.57580000000000008953, 	 106198.20743070305616129190, 	 107214.52138324089173693210, 	 106232.21933756432554218918
6.57690000000000019043, 	 105967.51059013417398091406, 	 106976.37655249558156356215, 	 106034.20429808073095045984
6.57800000000000029132, 	 105747.97511613839014898986, 	 106744.38781230845779646188, 	 105836.61090927607438061386
6.57910000000000039222, 	 105541.08429647157026920468, 	 106517.98799435335968155414, 	 105636.46763596653181593865
6.58020000000000049312, 	 105345.70730346822529099882, 	 106296.80158231727546080947, 	 105432.73085480640293098986
6.58130000000000059401, 	 105158.54600698087597265840, 	 106080.52245261192729230970, 	 105225.65623658217373304069
6.58240000000000069491, 	 104975.26309866136580239981, 	 105868.91523778195551130921, 	 105016.24478082140558399260
6.58349999999999990763, 	 104791.61239238559210207313, 	 105660.91192149031849112362, 	 104805.74904138570127543062
6.58460000000000000853, 	 104604.34682007180526852608, 	 105455.31917506501486059278, 	 104595.30388941858836915344
6.58570000000000010942, 	 104411.35249674842634703964, 	 105251.15598809489165432751, 	 104385.41055061679799109697
6.58680000000000021032, 	 104211.77568207413423806429, 	 105047.49968557224201504141, 	 104175.97984656904009170830
6.58790000000000031122, 	 104005.81733551596698816866, 	 104843.54810432597878389060, 	 103966.47166785667650401592
6.58900000000000041211, 	 103794.37164076138287782669, 	 104638.65324894999503158033, 	 103756.09491210090345703065
6.59010000000000051301, 	 103578.63113482938206288964, 	 104432.32814380776835605502, 	 103544.00814972986700013280
6.59120000000000061391, 	 103359.74810440817964263260, 	 104224.23155282485822681338, 	 103329.46516210967092774808
6.59230000000000071481, 	 103138.60169132145529147238, 	 104014.13735570326389279217, 	 103111.90115286220679990947
6.59339999999999992752, 	 102915.68528246898495126516, 	 103801.89744454259925987571, 	 102890.96463973769277799875
6.59450000000000002842, 	 102691.10198169651266653091, 	 103587.40595331162330694497, 	 102666.49917894978716503829
6.59560000000000012932, 	 102464.63785881907097063959, 	 103370.57012922142166644335, 	 102438.49039093489409424365
6.59670000000000023022, 	 102235.87557068864407483488, 	 103151.29041595529997721314, 	 102206.99939977699250448495
6.59780000000000033111, 	 102004.31362862263631541282, 	 102929.44992829590046312660, 	 101972.09935530483198817819
6.59890000000000043201, 	 101769.46659850890864618123, 	 102704.91279718953592237085, 	 101733.84286880904983263463
6.60000000000000053291, 	 101530.93266928399680182338, 	 102477.52733828339842148125, 	 101492.21040377809549681842
6.60110000000000063380, 	 101288.42199264046212192625, 	 102247.13211533572757616639, 	 101247.12111496066791005433
6.60220000000000073470, 	 101041.75453230789571534842, 	 102013.56290247834112960845, 	 100998.43632837318000383675
6.60329999999999994742, 	 100790.83611818891949951649, 	 101776.65826804205426014960, 	 100745.97622646266245283186
6.60440000000000004832, 	 100535.62404955596139188856, 	 101536.26321845140773802996, 	 100489.54495098604820668697
6.60550000000000014921, 	 100276.09345733078953344375, 	 101292.23124355226173065603, 	 100228.95786744172801263630
6.60660000000000025011, 	 100012.21273371602001134306, 	 101044.42534309909387957305, 	 99964.06129947195586282760
6.60770000000000035101, 	 99743.93153367309423629194, 	 100792.71845955641765613109, 	 99694.74084178259363397956
6.60880000000000045191, 	 99471.18040886997187044472, 	 100536.99357472811243496835, 	 99420.91928829220705665648
6.60990000000000055280, 	 99193.87840947401127777994, 	 100277.14372556212765630335, 	 99142.54981768740981351584
6.61100000000000065370, 	 98911.94432769984996411949, 	 100013.07209727253939490765, 	 98859.60549730120692402124
6.61210000000000075460, 	 98625.30748346682230476290, 	 99744.69218685402302071452, 	 98572.07067461722181178629
6.61319999999999996732, 	 98333.91557595515041612089, 	 99471.92817741174076218158, 	 98279.93737712640722747892
6.61430000000000006821, 	 98037.73895499401260167360, 	 99194.71553103894984815270, 	 97983.20342485624132677913
6.61540000000000016911, 	 97736.77153977705165743828, 	 98913.00170190171047579497, 	 97681.87487681432685349137
6.61650000000000027001, 	 97431.02961079489614348859, 	 98626.74697904150525573641, 	 97375.96891134972975123674
6.61760000000000037090, 	 97120.54959597947890870273, 	 98335.92523808561963960528, 	 97065.51521212952502537519
6.61870000000000047180, 	 96805.38549580841208808124, 	 98040.52444479544647037983, 	 96750.55675263388548046350
6.61980000000000057270, 	 96485.60642792265571188182, 	 97740.54688593707396648824, 	 96431.15060108278703410178
6.62090000000000067359, 	 96161.29468566192372236401, 	 97436.00919852653169073164, 	 96107.36883742752252146602
6.62199999999999988631, 	 95832.54031776063493452966, 	 97126.96275106852408498526, 	 95779.29584277453250251710
6.62309999999999998721, 	 95499.45085944984748493880, 	 96813.42958935617934912443, 	 95447.03652149430126883090
6.62420000000000008811, 	 95162.14867104537552222610, 	 96495.46668642069562338293, 	 95110.71380137736559845507
6.62530000000000018900, 	 94820.76449808136385399848, 	 96173.14950384956318885088, 	 94770.46135792012501042336
6.62640000000000028990, 	 94475.44210299449332524091, 	 95846.56633170382701791823, 	 94426.42622786927677225322
6.62750000000000039080, 	 94126.33920448548451531678, 	 95515.81869371591892559081, 	 94078.76813092066731769592
6.62860000000000049170, 	 93773.62762507061415817589, 	 95181.02141586100333370268, 	 93727.65838462531974073499
6.62970000000000059259, 	 93417.49288128488115034997, 	 94842.30249997106147930026, 	 93373.27893181418767198920
6.63080000000000069349, 	 93058.13331022113561630249, 	 94499.80284911365015432239, 	 93015.82155091330059804022
6.63189999999999990621, 	 92695.75886278932739514858, 	 94153.67587068463035393506, 	 92655.48737330196308903396
6.63300000000000000711, 	 92330.58974837289133574814, 	 93804.08697880810359492898, 	 92292.48649232549360021949
6.63410000000000010800, 	 91962.85509532415017019957, 	 93451.21300611556216608733, 	 91927.03745012536819558591
6.63520000000000020890, 	 91592.79172292092698626220, 	 93095.24153751571429893374, 	 91559.36658046476077288389
6.63630000000000030980, 	 91220.64305903935746755451, 	 92736.37018039684335235506, 	 91189.70723472727695479989
6.63740000000000041069, 	 90846.65819815215945709497, 	 92374.80579397328256163746, 	 90818.29897517961217090487
6.63850000000000051159, 	 90471.09107521636178717017, 	 92010.76369100778538268059, 	 90445.38663437092327512801
6.63960000000000061249, 	 90094.19970130070578306913, 	 91644.46682154205336701125, 	 90071.21938534463697578758
6.64070000000000071338, 	 89716.24541435089486185461, 	 91276.14493957461672835052, 	 89696.04952191381016746163
6.64179999999999992610, 	 89337.49207703018328174949, 	 90906.03377576878119725734, 	 89320.13230605806165840477
6.64290000000000002700, 	 88958.20538691154797561467, 	 90534.37432634543802123517, 	 88943.72633677312114741653
6.64400000000000012790, 	 88578.65244932296627666801, 	 90161.41218372814182657748, 	 88567.09247626895376015455
6.64510000000000022879, 	 88199.10139423629152588546, 	 89787.39682962240476626903, 	 88190.49211419455241411924
6.64620000000000032969, 	 87819.82078541631926782429, 	 89412.58087076082301791757, 	 87814.18564922318910248578
6.64730000000000043059, 	 87441.07873969479987863451, 	 89037.21923520669224672019, 	 87438.43150458919990342110
6.64840000000000053149, 	 87063.14183026610407978296, 	 88661.56834213370166253299, 	 87063.48539051554689649493
6.64950000000000063238, 	 86686.27391939003427978605, 	 88285.88530843774788081646, 	 86689.60074000229360535741
6.65060000000000073328, 	 86310.73519276792649179697, 	 87910.42718973002047277987, 	 86317.02800389383628498763
6.65169999999999994600, 	 85936.78137040391447953880, 	 87535.45021811376500409096, 	 85946.01405506020819302648
6.65280000000000004690, 	 85564.66306441645429003984, 	 87161.20906477651442401111, 	 85576.80159025998727884144
6.65390000000000014779, 	 85194.62526256163255311549, 	 86787.95612888195319101214, 	 85209.62848130526253953576
6.65500000000000024869, 	 84826.90688584244344383478, 	 86415.94084706660942174494, 	 84844.72690525466168764979
6.65610000000000034959, 	 84461.74035188948619179428, 	 86045.40904578697518445551, 	 84482.32325510034570470452
6.65720000000000045048, 	 84099.35121290278038941324, 	 85676.60235176654532551765, 	 84122.63733815443993080407
6.65830000000000055138, 	 83739.95777847667341120541, 	 85309.75759501173160970211, 	 83765.88162329448095988482
6.65940000000000065228, 	 83383.77068245784903410822, 	 84945.10627180400479119271, 	 83412.26120711812109220773
6.66050000000000075318, 	 83030.99248638753488194197, 	 84582.87403009219269733876, 	 83061.97319535870337858796
6.66159999999999996589, 	 82681.81727088165644090623, 	 84223.28016977595689240843, 	 82715.20610488177044317126
6.66270000000000006679, 	 82336.43019033924792893231, 	 83866.53715063206618651748, 	 82372.13960896678327117115
6.66380000000000016769, 	 81995.00706633795925881714, 	 83512.85019035867298953235, 	 82032.94547438982408493757
6.66490000000000026859, 	 81657.71428807463962584734, 	 83162.41703425279411021620, 	 81697.78909189930709544569
6.66600000000000036948, 	 81324.70920925667451228946, 	 82815.42784621832834091038, 	 81366.82899182420806027949
6.66710000000000047038, 	 80996.14071113651152700186, 	 82472.06505537798511795700, 	 81040.21511574780743103474
6.66820000000000057128, 	 80672.14949366221844684333, 	 82132.50316124975506681949, 	 80718.08761950500775128603
6.66930000000000067217, 	 80352.86794396098412107676, 	 81796.90846950931882020086, 	 80400.57558293851616326720
6.67039999999999988489, 	 80038.41951024402806069702, 	 81465.43873499137407634407, 	 80087.79608519872999750078
6.67149999999999998579, 	 79728.91766993889177683741, 	 81138.24274519780010450631, 	 79779.85413997604337055236
6.67260000000000008669, 	 79424.46476896747481077909, 	 80815.45989580360765103251, 	 79476.84325737770996056497
6.67370000000000018758, 	 79125.15104823475121520460, 	 80497.21980029187398031354, 	 79178.84629106725333258510
6.67480000000000028848, 	 78831.05410378838132601231, 	 80183.64198198757367208600, 	 78885.93638954534253571182
6.67590000000000038938, 	 78542.23889700410654768348, 	 79874.83564720753929577768, 	 78598.17710994962544646114
6.67700000000000049027, 	 78258.75816598495293874294, 	 79570.89949719804280903190, 	 78315.62185438341111876070
6.67810000000000059117, 	 77980.65299585877801291645, 	 79271.92163337513920851052, 	 78038.31494364052196033299
6.67920000000000069207, 	 77707.95369144126016180962, 	 78977.97970539508969523013, 	 77766.29246936105482745916
6.68029999999999990479, 	 77440.68079165085509885103, 	 78689.14092990188510157168, 	 77499.57872701658925507218
6.68140000000000000568, 	 77178.84544610642478801310, 	 78405.46210190269630402327, 	 77238.18731306945846881717
6.68250000000000010658, 	 76922.44957215794420335442, 	 78126.98980596265755593777, 	 76982.12343165700440295041
6.68360000000000020748, 	 76671.48624339440721087158, 	 77853.76066564051143359393, 	 76731.38134551954863127321
6.68470000000000030838, 	 76425.93817715928889811039, 	 77585.80851936222461517900, 	 76485.93037501252547372133
6.68580000000000040927, 	 76185.77414615033194422722, 	 77323.15027058264240622520, 	 76245.75979313247080426663
6.68690000000000051017, 	 75950.96491677215090021491, 	 77065.78011168194643687457, 	 76010.85589789271762128919
6.68800000000000061107, 	 75721.47169383686559740454, 	 76813.69979331556532997638, 	 75781.17922648177773226053
6.68910000000000071196, 	 75497.24821774839074350893, 	 76566.90101340804540086538, 	 75556.67628361759125255048
6.69019999999999992468, 	 75278.23973797455255407840, 	 76325.36579255807737354189, 	 75337.28458598908036947250
6.69130000000000002558, 	 75064.38191701257892418653, 	 76089.06677562235563527793, 	 75122.93479603448940906674
6.69240000000000012648, 	 74855.60044676427787635475, 	 75857.96751247129577677697, 	 74913.55179492587922140956
6.69350000000000022737, 	 74651.81142091428046114743, 	 75632.02274935651803389192, 	 74709.05490778513194527477
6.69460000000000032827, 	 74452.92223186529008671641, 	 75411.17872625341988168657, 	 74509.35752954092458821833
6.69570000000000042917, 	 74258.83266087196534499526, 	 75195.37346940729185007513, 	 74314.36652541988587472588
6.69680000000000053006, 	 74069.43586937191139440984, 	 74984.53707377957471180707, 	 74123.98176273512945044786
6.69790000000000063096, 	 73884.61912135321472305804, 	 74778.59197802087874151766, 	 73938.09598146434291265905
6.69900000000000073186, 	 73704.26420401236100587994, 	 74577.45323911216109991074, 	 73756.59502997971139848232
6.70009999999999994458, 	 73528.24761560955084860325, 	 74381.02881255443207919598, 	 73579.35833791790355462581
6.70120000000000004547, 	 73356.44063234677014406770, 	 74189.21984110081393737346, 	 73406.25956211981247179210
6.70230000000000014637, 	 73188.70937489747302606702, 	 74001.92095798499940428883, 	 73237.16723822166386526078
6.70340000000000024727, 	 73024.91495599075278732926, 	 73819.02059920880128629506, 	 73071.94525677310593891889
6.70450000000000034817, 	 72864.91372599363967310637, 	 73640.40131718986958730966, 	 72910.45320191423525102437
6.70560000000000044906, 	 72708.55759974817920010537, 	 73465.94009533454664051533, 	 72752.54669478634605184197
6.70670000000000054996, 	 72555.69444573418877553195, 	 73295.50866718254110310227, 	 72598.07767590894945897162
6.70780000000000065086, 	 72406.16850793267076369375, 	 73128.97384125083044636995, 	 72446.89472478753305040300
6.70890000000000075175, 	 72259.82084118686907459050, 	 72966.19783649830787908286, 	 72298.84342962666414678097
6.70999999999999996447, 	 72116.48975553212221711874, 	 72807.03863523677864577621, 	 72153.76685602228099014610
6.71110000000000006537, 	 71976.01127638752222992480, 	 72651.35035447948030196130, 	 72011.50592625259014312178
6.71220000000000016627, 	 71838.21960259733896236867, 	 72498.98362416320014744997, 	 71871.89968314963334705681
6.71330000000000026716, 	 71702.94753050892904866487, 	 72349.78596254150033928454, 	 71734.78556281335477251559
6.71440000000000036806, 	 71570.02683126329793594778, 	 72203.60214733658358454704, 	 71599.99973258608952164650
6.71550000000000046896, 	 71439.28858919700724072754, 	 72060.27458221948472782969, 	 71467.37742119001632090658
6.71660000000000056986, 	 71310.56350591102091129869, 	 71919.64365135483967605978, 	 71336.75314183961017988622
6.71770000000000067075, 	 71183.68216107953048776835, 	 71781.54805605325964279473, 	 71207.96100230244337581098
6.71879999999999988347, 	 71058.47525377701094839722, 	 71645.82514904480194672942, 	 71080.83530140998482238501
6.71989999999999998437, 	 70934.77389638482418376952, 	 71512.31129096205404493958, 	 70955.21129020690568722785
6.72100000000000008527, 	 70812.41002556419698521495, 	 71380.84224066580645740032, 	 70830.92579416694934479892
6.72210000000000018616, 	 70691.21692442076164297760, 	 71251.25356479143374599516, 	 70707.81745113441138528287
6.72320000000000028706, 	 70571.02976763507467694581, 	 71123.38103712418524082750, 	 70585.72666997756459750235
6.72430000000000038796, 	 70451.68608453635533805937, 	 70997.06100888639048207551, 	 70464.49561298869957681745
6.72540000000000048885, 	 70333.02609134932572487742, 	 70872.13075138145359233022, 	 70343.96841690156725235283
6.72650000000000058975, 	 70214.89291961559501942247, 	 70748.42878529154404532164, 	 70223.99162273277761414647
6.72760000000000069065, 	 70097.13280280679464340210, 	 70625.79520511136797722429, 	 70104.41461514907132368535
6.72869999999999990337, 	 69979.59526657420792616904, 	 70504.07199875824153423309, 	 69985.09001975122373551130
6.72980000000000000426, 	 69862.13334698334801942110, 	 70383.10336199858284089714, 	 69865.87405605049571022391
6.73090000000000010516, 	 69744.60384397275629453361, 	 70262.73600617502233944833, 	 69746.62680767639540135860
6.73200000000000020606, 	 69626.86759658332448452711, 	 70142.81945435574743896723, 	 69627.21238440008892212063
6.73310000000000030695, 	 69508.78974970316630788147, 	 70023.20631896208215039223, 	 69507.49899838546116370708
6.73420000000000040785, 	 69390.23997928081371355802, 	 69903.75255518485209904611, 	 69387.35901207961433101445
6.73530000000000050875, 	 69271.09265570811112411320, 	 69784.31768830631335731596, 	 69266.66901183842855971307
6.73640000000000060965, 	 69151.22689196032297331840, 	 69664.76493979786755517125, 	 69145.30698772027972154319
6.73750000000000071054, 	 69030.52608146813872735947, 	 69544.96121243767265696079, 	 69023.15776935889152809978
6.73859999999999992326, 	 68908.87820549297612160444, 	 69424.77762025484116747975, 	 68900.11472266759665217251
6.73970000000000002416, 	 68786.17676145317091140896, 	 69304.08982624277996364981, 	 68776.07693924249906558543
6.74080000000000012506, 	 68662.32134954658977221698, 	 69182.77822625670523848385, 	 68650.94457278978370595723
6.74190000000000022595, 	 68537.21713120858476031572, 	 69060.72763352496258448809, 	 68524.61659626405162271112
6.74300000000000032685, 	 68410.77329917719180230051, 	 68937.82680723184603266418, 	 68396.99235365306958556175
6.74410000000000042775, 	 68282.90181570638378616422, 	 68813.96879610637552104890, 	 68267.99444932529877405614
6.74520000000000052864, 	 68153.52039963778224773705, 	 68689.05241326849500183016, 	 68137.55703975325741339475
6.74630000000000062954, 	 68022.55498487563454546034, 	 68562.98229873880336526781, 	 68005.61139953961537685245
6.74740000000000073044, 	 67889.93951694936549756676, 	 68435.66875163344957400113, 	 67872.09114029022748582065
6.74849999999999994316, 	 67755.61499859510513488203, 	 68307.02752213545318227261, 	 67736.93216012460470665246
6.74960000000000004405, 	 67619.52830763578822370619, 	 68176.97982097853673622012, 	 67600.07789171964395791292
6.75070000000000014495, 	 67481.63168520793260540813, 	 68045.45240711279620882124, 	 67461.47725486919807735831
6.75180000000000024585, 	 67341.88231322505453135818, 	 67912.37752476129389833659, 	 67321.08403498960251454264
6.75290000000000034674, 	 67200.24194013401574920863, 	 67777.69281729351496323943, 	 67178.85787196981254965067
6.75400000000000044764, 	 67056.67681758511753287166, 	 67641.34131162489939015359, 	 67034.76515273157565388829
6.75510000000000054854, 	 66911.15801035285403486341, 	 67503.27146478118083905429, 	 66888.77892250654986128211
6.75620000000000064944, 	 66763.66188334942853543907, 	 67363.43721217660640832037, 	 66740.87796682733460329473
6.75730000000000075033, 	 66614.17047632906178478152, 	 67221.79795974802982527763, 	 66591.04567696202138904482
6.75839999999999996305, 	 66462.67156788527790922672, 	 67078.31851011529215611517, 	 66439.26964807447802741081
6.75950000000000006395, 	 66309.15849525337398517877, 	 66932.96900173256290145218, 	 66285.54249195162265095860
6.76060000000000016485, 	 66153.62996808061143383384, 	 66785.72488663712283596396, 	 66129.86220473946013953537
6.76170000000000026574, 	 65996.08996014474541880190, 	 66636.56694094132399186492, 	 65972.23228877902147360146
6.76280000000000036664, 	 65836.54763957498653326184, 	 66485.48122746469744015485, 	 65812.66069278861687052995
6.76390000000000046754, 	 65675.01714551739860326052, 	 66332.45898007160576526076, 	 65651.15917880866618361324
6.76500000000000056843, 	 65511.51719140078057534993, 	 66177.49642290813790168613, 	 65487.74308375510736368597
6.76610000000000066933, 	 65346.07057943980180425569, 	 66020.59456959925591945648, 	 65322.43178055796306580305
6.76719999999999988205, 	 65178.70384015519812237471, 	 65861.75908890340360812843, 	 65155.24976147641427814960
6.76829999999999998295, 	 65009.44537168362876400352, 	 65701.00879941399034578353, 	 64986.22540753473003860563
6.76940000000000008384, 	 64838.33014596020802855492, 	 65538.34834023866278585047, 	 64815.39465318455040687695
6.77050000000000018474, 	 64665.39815005766286049038, 	 65373.79683086607110453770, 	 64642.79998661216814070940
6.77160000000000028564, 	 64490.69247708100738236681, 	 65207.37923848649370484054, 	 64468.48493845633493037894
6.77270000000000038654, 	 64314.26072537585423560813, 	 65039.12448029615188715979, 	 64292.49593580613145604730
6.77380000000000048743, 	 64136.15483026921720011160, 	 64869.06557802454335615039, 	 64114.88309706050495151430
6.77490000000000058833, 	 63956.43073887882928829640, 	 64697.23960056032228749245, 	 63935.69896922502084635198
6.77600000000000068923, 	 63775.14781969917385140434, 	 64523.68745179936377098784, 	 63754.99763075696682790294
6.77709999999999990195, 	 63592.36805031404219334945, 	 64348.45358790560567285866, 	 63572.83484656336077023298
6.77820000000000000284, 	 63408.15522067104757297784, 	 64171.58572800734691554680, 	 63389.26857595322508132085
6.77930000000000010374, 	 63222.57435816205543233082, 	 63993.13458520980202592909, 	 63204.35936912763281725347
6.78040000000000020464, 	 63035.69145760589162819088, 	 63813.15362501890194835141, 	 63018.17045501100074034184
6.78150000000000030553, 	 62847.57348382717464119196, 	 63631.69885472144960658625, 	 62830.76766214550298172981
6.78260000000000040643, 	 62658.28855831149849109352, 	 63448.82863648743659723550, 	 62642.21890626139793312177
6.78370000000000050733, 	 62467.90617268412461271510, 	 63264.60350604449195088819, 	 62452.59371270693372935057
6.78480000000000060822, 	 62276.49733245336392428726, 	 63079.08602538872219156474, 	 62261.96317666653339983895
6.78590000000000070912, 	 62084.13464411255699815229, 	 62892.34066695772344246507, 	 62070.39973257668316364288
6.78699999999999992184, 	 61890.89231381106947083026, 	 62704.43371096366900019348, 	 61877.97736098107998259366
6.78810000000000002274, 	 61696.84614090120157925412, 	 62515.43319893959414912388, 	 61684.77123875957477139309
6.78920000000000012363, 	 61502.07338150814757682383, 	 62325.40873215883038938046, 	 61490.85582321787660475820
6.79030000000000022453, 	 61306.65225468258722685277, 	 62134.43129340515588410199, 	 61296.30619113592547364533
6.79140000000000032543, 	 61110.66153350167587632313, 	 61942.57313838646950898692, 	 61101.19867798712220974267
6.79250000000000042633, 	 60914.18034393860580166802, 	 61749.90767475219035986811, 	 60905.61028358185285469517
6.79360000000000052722, 	 60717.28800132686592405662, 	 61556.50928343665873399004, 	 60709.61793211513577261940
6.79470000000000062812, 	 60520.06377827897813403979, 	 61362.45311883588146883994, 	 60513.29834263050724985078
6.79580000000000072902, 	 60322.58666006907151313499, 	 61167.81492058520234422758, 	 60316.72814433238818310201
6.79689999999999994174, 	 60124.93515829343232326210, 	 60972.67083894004463218153, 	 60119.98384245219494914636
6.79800000000000004263, 	 59927.18718370696296915412, 	 60777.09726598933048080653, 	 59923.14153598996927030385
6.79910000000000014353, 	 59729.41993275318964151666, 	 60581.17065845775505295023, 	 59726.27663031061092624441
6.80020000000000024443, 	 59531.70976251467072870582, 	 60384.96737821379792876542, 	 59529.46404778815485769883
6.80130000000000034532, 	 59334.13212328396184602752, 	 60188.56356381109071662650, 	 59332.77810906083323061466
6.80240000000000044622, 	 59136.76153304673061938956, 	 59992.03501553519163280725, 	 59136.29255478348204633221
6.80350000000000054712, 	 58939.67156342064117779955, 	 59795.45705628805444575846, 	 58940.07957535899186041206
6.80460000000000064801, 	 58742.93468682056845864281, 	 59598.90436698820849414915, 	 58744.20967241805919911712
6.80570000000000074891, 	 58546.62201891533914022148, 	 59402.45080257517838617787, 	 58548.75135766514722490683
6.80679999999999996163, 	 58350.80301019716716837138, 	 59206.16924769999604905024, 	 58353.77191326566389761865
6.80790000000000006253, 	 58155.54526733392413007095, 	 59010.13149037519906414673, 	 58159.33707262017560424283
6.80900000000000016342, 	 57960.91442979666317114606, 	 58814.40807889242569217458, 	 57965.51084744052059249952
6.81010000000000026432, 	 57766.97407920455589191988, 	 58619.06820080667966976762, 	 57772.35566687712707789615
6.81120000000000036522, 	 57573.78571504573483252898, 	 58424.17957066294184187427, 	 57579.93211295953369699419
6.81230000000000046612, 	 57381.40874111749872099608, 	 58229.80831887099338928238, 	 57388.29877163768105674535
6.81340000000000056701, 	 57189.90043814742966787890, 	 58036.01888531290023820475, 	 57197.51206541799183469266
6.81450000000000066791, 	 56999.31591179604583885521, 	 57842.87392108423227909952, 	 57007.62620715389493852854
6.81560000000000076881, 	 56809.70802635354630183429, 	 57650.43419558204914210364, 	 56818.69306323109776712954
6.81669999999999998153, 	 56621.12731494590116199106, 	 57458.75849907309748232365, 	 56630.76197189593221992254
6.81780000000000008242, 	 56433.62185668649908620864, 	 57267.90354311246483121067, 	 56443.87972509882092708722
6.81890000000000018332, 	 56247.23716040493309265003, 	 57077.92388888381537981331, 	 56258.09094249234476592392
6.82000000000000028422, 	 56062.01613348810496972874, 	 56888.87189520786341745406, 	 56073.43807011758326552808
6.82110000000000038511, 	 55877.99911574539873981848, 	 56700.79768023634096607566, 	 55889.96140527007082710043
6.82220000000000048601, 	 55695.22395672255515819415, 	 56513.74909202894195914268, 	 55707.69895427959272637963
6.82330000000000058691, 	 55513.72608690562628908083, 	 56327.77167207169986795634, 	 55526.68614813348540337756
6.82440000000000068781, 	 55333.53853111631178762764, 	 56142.90861539532488677651, 	 55346.95574706581828650087
6.82549999999999990052, 	 55154.69174974054476479068, 	 55959.20049776922678574920, 	 55168.53210508447227766737
6.82660000000000000142, 	 54977.21266932063736021519, 	 55776.68511285886052064598, 	 54991.44295615297596668825
6.82770000000000010232, 	 54801.12523121295089367777, 	 55595.39811246880708495155, 	 54815.71801435460656648502
6.82880000000000020322, 	 54626.45156190296256681904, 	 55415.37278670670639257878, 	 54641.38004236856795614585
6.82990000000000030411, 	 54453.21174693643843056634, 	 55236.63987057152553461492, 	 54468.44736702350928680971
6.83100000000000040501, 	 54281.42334149754606187344, 	 55059.22748237550695193931, 	 54296.93527850556711200625
6.83210000000000050591, 	 54111.10097779185889521614, 	 54883.16102278564358130097, 	 54126.85543700614653062075
6.83320000000000060680, 	 53942.25595461911871097982, 	 54708.46308006245817523450, 	 53958.21663165650534210727
6.83430000000000070770, 	 53774.89601898499677190557, 	 54535.15341364496271125972, 	 53791.02586756159143988043
6.83539999999999992042, 	 53609.02550493580929469317, 	 54363.24900039452768396586, 	 53625.28878568054642528296
6.83650000000000002132, 	 53444.64575962920935126022, 	 54192.76410959718486992642, 	 53461.00942273360124090686
6.83760000000000012221, 	 53281.75565897522756131366, 	 54023.71037243648606818169, 	 53298.18959276205714559183
6.83870000000000022311, 	 53120.35201247171789873391, 	 53856.09743625057308236137, 	 53136.82841192212799796835
6.83980000000000032401, 	 52960.42833667383092688397, 	 53689.93595133173948852345, 	 52976.92099110365961678326
6.83990000000000009095, 	 52945.96303884332155575976, 	 53674.90215027955855475739, 	 52962.45588078608125215396
