x [cm], 	 0.40000000000000002220, 	 2.00000000000000000000, 	 3.60000000000000008882
0.00000000000000000000, 	 0.00000000000000000000, 	 0.00000000000000000000, 	 0.00000000000000000000
5.70020000000000059970, 	 3.99669484869729974008, 	 5.19022845257961673582, 	 6.39695522509867675609
5.70130000000000070060, 	 4.61725580426002135681, 	 5.52650095568422816683, 	 6.57206398040553363415
5.70239999999999991331, 	 6.17545536109162540583, 	 6.73186585857434227620, 	 7.49808538504160448923
5.70350000000000001421, 	 8.70814075459615466457, 	 8.89650748537562385820, 	 9.33170693925245764433
5.70460000000000011511, 	 11.96619061524186200529, 	 11.84581669809549708816, 	 11.97803177515441852563
5.70570000000000021600, 	 15.86676180877920749879, 	 15.45595997497894735773, 	 15.26313878529011525131
5.70680000000000031690, 	 20.29135612548625999807, 	 19.62062680221989907636, 	 19.09069608869591760936
5.70790000000000041780, 	 25.04266033172154592990, 	 24.12029612152284130389, 	 23.25527318131301512949
5.70900000000000051870, 	 29.90588606775742164245, 	 28.75020027377367881627, 	 27.59352073444727082574
5.71010000000000061959, 	 34.71895433386626450556, 	 33.38969098170866089959, 	 32.01264191255094004873
5.71119999999999983231, 	 39.42382934409575057089, 	 37.96311998560344846965, 	 36.41545559571663659426
5.71229999999999993321, 	 43.97881040889546966355, 	 42.41127425883534840523, 	 40.72985870292249188651
5.71340000000000003411, 	 48.37062454223038088230, 	 46.70887004152226040787, 	 44.91957757398422756978
5.71450000000000013500, 	 52.59615741293352186858, 	 50.84292245361191220354, 	 48.96560113023880944638
5.71560000000000023590, 	 56.67751190973396546724, 	 54.83576814328925053132, 	 52.88270724831829738832
5.71670000000000033680, 	 60.65002905995257975746, 	 58.71751555567776392763, 	 56.69085262064180597008
5.71780000000000043769, 	 64.54708044591824034342, 	 62.51897432540238241927, 	 60.41585463227241348250
5.71890000000000053859, 	 68.40006150171807064453, 	 66.27139893750413079943, 	 64.08735028079055950911
5.72000000000000063949, 	 72.23729537063626082727, 	 70.00443009646348002661, 	 67.73510975430912139927
5.72109999999999985221, 	 76.08215562626406835989, 	 73.74332542320969707816, 	 71.38517775869733839045
5.72219999999999995310, 	 79.95115834141309107963, 	 77.50640155723903035323, 	 75.05677030734617005692
5.72330000000000005400, 	 83.85286088011170591017, 	 81.30359243273983338440, 	 78.76067254872151579548
5.72440000000000015490, 	 87.78799200705721261784, 	 85.13647652867884119132, 	 82.49927464641689311975
5.72550000000000025580, 	 91.75081183664916295584, 	 88.99970840789139003846, 	 86.26807340803800627782
5.72660000000000035669, 	 95.73137603577765730734, 	 92.88344009476718099449, 	 90.05813298316660109322
5.72770000000000045759, 	 99.71805695603111985292, 	 96.77529252017691874244, 	 93.85460425654591176681
5.72880000000000055849, 	 103.70094206225017785528, 	 100.66366327913401335081, 	 97.64639579008279213213
5.72990000000000065938, 	 107.67325324442819578508, 	 104.54254622693885323770, 	 101.42999338733127956402
5.73099999999999987210, 	 111.63192732497677184256, 	 108.40944714417962302377, 	 105.20390952253370642211
5.73209999999999997300, 	 115.57681736061752530986, 	 112.26480257222465297673, 	 108.96927856903697318103
5.73320000000000007390, 	 119.50986670253332988523, 	 116.11112243166709845354, 	 112.72906851001580719185
5.73430000000000017479, 	 123.43408632569021676773, 	 119.95193366642094190411, 	 116.48708500874646176726
5.73540000000000027569, 	 127.35256469996544126388, 	 123.79076044650778953837, 	 120.24700900928047531124
5.73650000000000037659, 	 131.26769455992484836315, 	 127.63032904529789846038, 	 124.01164907296841022344
5.73760000000000047748, 	 135.18071156569496338307, 	 131.47209424165058067047, 	 127.78249884763452826064
5.73870000000000057838, 	 139.09154903654459189966, 	 135.31609106095811512205, 	 131.55960258687420605384
5.73980000000000067928, 	 142.99895393789148556607, 	 139.16105918981662625811, 	 135.34168425362386756206
5.74089999999999989200, 	 146.90077638572225282587, 	 143.00474780767089555411, 	 139.12644869555342097556
5.74199999999999999289, 	 150.79433355257407356476, 	 146.84429714115128717822, 	 142.91095054024970067985
5.74310000000000009379, 	 154.67674643610709495078, 	 150.67659156292924649279, 	 146.69194017595759760297
5.74420000000000019469, 	 158.54522011633957845333, 	 154.49856641724483097278, 	 150.46618230660041604096
5.74530000000000029559, 	 162.39725445440689099996, 	 158.30744391951543548203, 	 154.23070553871312426963
5.74640000000000039648, 	 166.23077479840472392425, 	 162.10088592619356973046, 	 157.98297055309785719146
5.74750000000000049738, 	 170.04418600488742185917, 	 165.87706476393788079804, 	 161.72095522645105347692
5.74860000000000059828, 	 173.83636059110185101417, 	 169.63466176359071369006, 	 165.44316433759505002854
5.74970000000000069917, 	 177.60657638261173474348, 	 173.37280874008382625107, 	 169.14857811611943816388
5.75079999999999991189, 	 181.35442124573799560494, 	 177.09099081003577680349, 	 172.83655800537113123028
5.75190000000000001279, 	 185.07968275334590657621, 	 180.78892983967358532027, 	 176.50672957674609619971
5.75300000000000011369, 	 188.78223908501652772429, 	 184.46646656345171777502, 	 180.15886161189658309922
5.75410000000000021458, 	 192.46196436134167129239, 	 188.12345628136404229735, 	 183.79275728188599714485
5.75520000000000031548, 	 196.11865729574401484570, 	 191.75968837901194774531, 	 187.40816845964067738350
5.75630000000000041638, 	 199.75199742337056818542, 	 195.37483513644986032887, 	 191.00473974190845183330
5.75740000000000051728, 	 203.36152902611382842224, 	 198.96843025954086670026, 	 194.58198241967701846988
5.75850000000000061817, 	 206.94666795363738742708, 	 202.53987233547320556681, 	 198.13927404668021381440
5.75960000000000071907, 	 210.50672479650705781751, 	 206.08844658514931325044, 	 201.67587725701642398235
5.76069999999999993179, 	 214.04093705521876245257, 	 209.61335710310140711954, 	 205.19096997485880251588
5.76180000000000003268, 	 217.54850326663154191920, 	 213.11376201959865284152, 	 208.68367935717418504282
5.76290000000000013358, 	 221.02861341063561440023, 	 216.58880541318305290588, 	 212.15311318717036215276
5.76400000000000023448, 	 224.48047191152699042505, 	 220.03764189259703698553, 	 215.59838450873274950936
5.76510000000000033538, 	 227.90331167574200321724, 	 223.45945201561985982153, 	 219.01862751573614218614
5.76620000000000043627, 	 231.29639945764256481198, 	 226.85344868756462233250, 	 222.41300468392793732164
5.76730000000000053717, 	 234.65903420532731615822, 	 230.21887615927062142873, 	 225.78070661916365224897
5.76840000000000063807, 	 237.99054071573095825443, 	 233.55500398758240976349, 	 229.12094688483531967904
5.76949999999999985079, 	 241.29026132679408078729, 	 236.86111889013926656844, 	 232.43295475793411242194
5.77059999999999995168, 	 244.55754776858034915676, 	 240.13651651773105299981, 	 235.71596755623025387649
5.77170000000000005258, 	 247.79175449256811702980, 	 243.38049466578348756229, 	 238.96922429197630322051
5.77280000000000015348, 	 250.99223439422789283526, 	 246.59234891890409357984, 	 242.19196162835174845895
5.77390000000000025437, 	 254.15833718782047867535, 	 249.77137105058577049022, 	 245.38341250877246579876
5.77500000000000035527, 	 257.28941018189664191596, 	 252.91684993860246777331, 	 248.54280723515114459587
5.77610000000000045617, 	 260.38480081345682037863, 	 256.02807432508348028932, 	 251.66937632104887256901
5.77720000000000055707, 	 263.44386010785223106723, 	 259.10433658132944856334, 	 254.76235438988311443609
5.77830000000000065796, 	 266.46594645403143886142, 	 262.14493684561193731497, 	 257.82098443380056096430
5.77939999999999987068, 	 269.45042889443470812694, 	 265.14918659362177777439, 	 260.84452142199734225869
5.78049999999999997158, 	 272.39668945284773826643, 	 268.11641121102366014384, 	 263.83223495049833218218
5.78160000000000007248, 	 275.30412434046201042293, 	 271.04595135126226068678, 	 266.78341064218864175928
5.78270000000000017337, 	 278.17214409164415656051, 	 273.93716317597591114463, 	 269.69735049451236363893
5.78380000000000027427, 	 281.00017292214727149258, 	 276.78941771838140084583, 	 272.57337224823879751057
5.78490000000000037517, 	 283.78764741713132480072, 	 279.60209948049083550359, 	 275.41080795973613248862
5.78600000000000047606, 	 286.53401495911003848960, 	 282.37460477384877322038, 	 278.20900236712844844078
5.78710000000000057696, 	 289.23873222880831690418, 	 285.10634009064767724340, 	 280.96731122173537187336
5.78820000000000067786, 	 291.90126397544986502908, 	 287.79672076099433297713, 	 283.68509992170640998665
5.78929999999999989058, 	 294.52108222126571490662, 	 290.44517006832427341578, 	 286.36174260499745969355
5.79039999999999999147, 	 297.09766596333861343737, 	 293.05111890362354643003, 	 288.99662179546106699490
5.79150000000000009237, 	 299.63050135262892581522, 	 295.61400594123176688299, 	 291.58912858650950283845
5.79260000000000019327, 	 302.11908226341188310471, 	 298.13327824795362630539, 	 294.13866327722593041472
5.79370000000000029416, 	 304.56291113051531738165, 	 300.60839219728939042398, 	 296.64463633451026680632
5.79480000000000039506, 	 306.96149992259779537562, 	 303.03881454854035837343, 	 299.10646954097762773017
5.79590000000000049596, 	 309.31437113429177543367, 	 305.42402356410025277000, 	 301.52359719821919270544
5.79700000000000059686, 	 311.62105869301916527547, 	 307.76351004338727079812, 	 303.89546724860531412560
5.79810000000000069775, 	 313.88110869929960244917, 	 310.05677818416376112509, 	 306.22154222715903415519
5.79919999999999991047, 	 316.09407996451648159564, 	 312.30334622895639995477, 	 308.50129999770553013150
5.80030000000000001137, 	 318.25954434632780021275, 	 314.50274689211659051580, 	 310.73423426289656390509
5.80140000000000011227, 	 320.37708690232142316745, 	 316.65452758452227044472, 	 312.91985485993905058422
5.80250000000000021316, 	 322.44630589764960859611, 	 318.75825047206319595716, 	 315.05768787710235301347
5.80360000000000031406, 	 324.46681271223053499853, 	 320.81349241606176292407, 	 317.14727563953186972867
5.80470000000000041496, 	 326.43823169391788496796, 	 322.81984484430944348787, 	 319.18817661114320571869
5.80580000000000051585, 	 328.36019999265027990987, 	 324.77691359029228124200, 	 321.17996525170769928081
5.80690000000000061675, 	 330.23236740509497622043, 	 326.68431873498326467598, 	 323.12223186709138644801
5.80800000000000071765, 	 332.05439624922013308606, 	 328.54169447311892326979, 	 325.01458247562607084546
5.80909999999999993037, 	 333.82596127705880917347, 	 330.34868901469741331312, 	 326.85663870355222115904
5.81020000000000003126, 	 335.54674962501968593642, 	 332.10496452245081400179, 	 328.64803771165605894566
5.81130000000000013216, 	 337.21646079392809269848, 	 333.81019707808530938564, 	 330.38843214705218542804
5.81240000000000023306, 	 338.83480664715381180940, 	 335.46407666585878359911, 	 332.07749010982621484800
5.81350000000000033396, 	 340.40151141476030716149, 	 337.06630716140438153161, 	 333.71489512339991279077
5.81460000000000043485, 	 341.91631169353951236189, 	 338.61660631549045774591, 	 335.30034609893118613400
5.81570000000000053575, 	 343.37895643590860572658, 	 340.11470572546426183180, 	 336.83355728679646290402
5.81680000000000063665, 	 344.78920692402857639536, 	 341.56035079054566949708, 	 338.31425821139754361866
5.81789999999999984936, 	 346.14683672853720963758, 	 342.95330065026951160689, 	 339.74219358854583106222
5.81899999999999995026, 	 347.45163165359241475016, 	 344.29332810779027340686, 	 341.11712322703664312940
5.82010000000000005116, 	 348.70338967130987839482, 	 345.58021954125285901682, 	 342.43882191752123844708
5.82120000000000015206, 	 349.90192084918328419008, 	 346.81377480699740090131, 	 343.70707931235386922708
5.82230000000000025295, 	 351.04704727373456307760, 	 347.99380713798637998480, 	 344.92169979965558468393
5.82340000000000035385, 	 352.13860297263062193451, 	 349.12014303977110785127, 	 346.08250237377200164701
5.82450000000000045475, 	 353.17643383625500064227, 	 350.19262218499937944216, 	 347.18932050301680192206
5.82560000000000055564, 	 354.16039753854323635096, 	 351.21109730622958977619, 	 348.24200199440355163460
5.82670000000000065654, 	 355.09036345603959716755, 	 352.17543408592666764889, 	 349.24040885421544544442
5.82779999999999986926, 	 355.96621258354230121768, 	 353.08551104139701237727, 	 350.18441713992893937757
5.82889999999999997016, 	 356.78783739768311988882, 	 353.94121930774878137527, 	 351.07391660400952559939
5.83000000000000007105, 	 357.55514139268507278757, 	 354.74246200664589423468, 	 351.90880988473634261027
5.83110000000000017195, 	 358.26803864447089154055, 	 355.48915387137981269916, 	 352.68901237762128175746
5.83220000000000027285, 	 358.92645411099158536672, 	 356.18122171815616638924, 	 353.41445293953478312687
5.83330000000000037375, 	 359.53032440554676441025, 	 356.81860531230211108777, 	 354.08507476486232690149
5.83440000000000047464, 	 360.07959846035100781592, 	 357.40125801091539869958, 	 354.70083587366781330275
5.83550000000000057554, 	 360.57423766675009346727, 	 357.92914678809523820746, 	 355.26170891829741549373
5.83660000000000067644, 	 361.01421538837223579321, 	 358.40225158389927173630, 	 355.76768033599205409701
5.83769999999999988916, 	 361.39951602104900985069, 	 358.82056419860663254440, 	 356.21874911719999090565
5.83879999999999999005, 	 361.73013392082606287659, 	 359.18408708867019640820, 	 356.61492555300026197074
5.83990000000000009095, 	 362.00607251868268576800, 	 359.49283239887955687664, 	 356.95623027436158736236
5.84100000000000019185, 	 362.22734382752571491437, 	 359.74682143457425809174, 	 357.24269375433971163147
5.84210000000000029274, 	 362.39396691006942319291, 	 359.94608142939898698387, 	 357.47434920868550989326
5.84320000000000039364, 	 362.50595739822460927826, 	 360.09063287596836744342, 	 357.65122067136479699911
5.84430000000000049454, 	 362.56333266961121353233, 	 360.18050227541186814051, 	 357.77334724669378829276
5.84540000000000059543, 	 362.56612943688253380969, 	 360.21573891607766881862, 	 357.84079373819093916609
5.84650000000000069633, 	 362.51440809466595283084, 	 360.19641735626049694474, 	 357.85365017008177801472
5.84759999999999990905, 	 362.40825042678369527493, 	 360.12263467118168591696, 	 357.81202891120852882523
5.84870000000000000995, 	 362.24775512866466442574, 	 359.99450566696094711006, 	 357.71606004412291213157
5.84980000000000011084, 	 362.03303302020145792994, 	 359.81215795229314835524, 	 357.56588687465472276017
5.85090000000000021174, 	 361.76420331367677363232, 	 359.57572795764696138576, 	 357.36166181924295415229
5.85200000000000031264, 	 361.44138987016305009092, 	 359.28535638677431052201, 	 357.10354095308434807521
5.85310000000000041354, 	 361.06471722244526745271, 	 358.94118360967701164554, 	 356.79167907444048069010
5.85420000000000051443, 	 360.63430803075999619978, 	 358.54334697823873057132, 	 356.42622734265097506068
5.85530000000000061533, 	 360.15028329266237960837, 	 358.09198137591101840371, 	 356.00733452023308700518
5.85640000000000071623, 	 359.61276548290805976649, 	 357.58722294623112247791, 	 355.53515128691680047268
5.85749999999999992895, 	 359.02188334285631299281, 	 357.02921437854490704922, 	 355.00983566218570786077
5.85860000000000002984, 	 358.37777846766550737811, 	 356.41811402894290949916, 	 354.43156682433590276560
5.85970000000000013074, 	 357.68061739393925790864, 	 355.75410637757568110828, 	 353.80054601655172064056
5.86080000000000023164, 	 356.93057303080985320776, 	 355.03737664825359843235, 	 353.11696798012707176895
5.86190000000000033253, 	 356.12781798920326536972, 	 354.26811067136588917492, 	 352.38103165596965027362
5.86300000000000043343, 	 355.27252645210626269545, 	 353.44650063869613632050, 	 351.59294847954691931591
5.86410000000000053433, 	 354.36488050732992860503, 	 352.57274869921684512519, 	 350.75294338140184891017
5.86520000000000063523, 	 353.40511472030703998826, 	 351.64707154112761600118, 	 349.86121371486211728552
5.86629999999999984794, 	 352.39343641202481194341, 	 350.66969892410401143934, 	 348.91801180996515086008
5.86739999999999994884, 	 351.33006401205074098471, 	 349.64087196697181525451, 	 347.92360125615113020103
5.86850000000000004974, 	 350.21522698020129382712, 	 348.56084116593547150842, 	 346.87825317252026025017
5.86960000000000015064, 	 349.04916367294788415165, 	 347.42986458852885789383, 	 345.78224485409987210005
5.87070000000000025153, 	 347.83211951039038467570, 	 346.24820624752277353764, 	 344.63585838759223634042
5.87180000000000035243, 	 346.56434532448281515826, 	 345.01613446287655051492, 	 343.43937902217805913097
5.87290000000000045333, 	 345.24609580237552108883, 	 343.73392022199487882972, 	 342.19309347880516725127
5.87400000000000055422, 	 343.87762525714873618199, 	 342.40182984304203728243, 	 340.89727629872714942394
5.87510000000000065512, 	 342.45917685659111384666, 	 341.02011695625014908728, 	 339.55219362580044162314
5.87619999999999986784, 	 340.99100292593504946126, 	 339.58904953775964941087, 	 338.15813321337674324241
5.87729999999999996874, 	 339.47337757285470161150, 	 338.10891802205964040695, 	 336.71540356524667458871
5.87840000000000006963, 	 337.90659263079686525089, 	 336.58002895246761454473, 	 335.22432482195171132844
5.87950000000000017053, 	 336.29094655309756944916, 	 335.00269260187570807830, 	 333.68521629128059657887
5.88060000000000027143, 	 334.62673380488524799148, 	 333.37721234750119947421, 	 332.09838771189976114329
5.88170000000000037232, 	 332.91424108787424529510, 	 331.70388223541567640495, 	 330.46413957483872536613
5.88280000000000047322, 	 331.15375078622508908666, 	 329.98299140505520199440, 	 328.78276840422574878176
5.88390000000000057412, 	 329.34554732201627302857, 	 328.21483098035264447390, 	 327.05457354243390000192
5.88500000000000067502, 	 327.48992347885791787121, 	 326.39970079500716337861, 	 325.27986367461272720902
5.88609999999999988773, 	 325.59190050404845351295, 	 324.53891025851152107862, 	 323.45907673960289230308
5.88719999999999998863, 	 323.65097325641215775249, 	 322.63330416431716685111, 	 321.59214185633800298092
5.88830000000000008953, 	 321.66481466621235085768, 	 320.68182302335679878524, 	 319.67882927673554149806
5.88940000000000019043, 	 319.63218064164163934038, 	 318.68363587107927514808, 	 317.71872051557585336923
5.89050000000000029132, 	 317.55254538877727554791, 	 316.63843734708910915288, 	 315.71175492931882899939
5.89160000000000039222, 	 315.42598313404033660845, 	 314.54643084150319509718, 	 313.65826211950042079479
5.89270000000000049312, 	 313.25297310246281767832, 	 312.40818146050162340543, 	 311.55886071936464531973
5.89380000000000059401, 	 311.03420370775427272747, 	 310.22444297714463345983, 	 309.41432448731245585805
5.89490000000000069491, 	 308.77043528246645109903, 	 307.99603735811672322598, 	 307.22548842442620298243
5.89599999999999990763, 	 306.46231318433495971476, 	 305.72359177895032189554, 	 304.99288826741201319237
5.89710000000000000853, 	 304.11029990632005137741, 	 303.40761273856566049290, 	 302.71709856160009621817
5.89820000000000010942, 	 301.71483635720852589657, 	 301.04854088729462091578, 	 300.39853198920468457800
5.89930000000000021032, 	 299.27620822793358001945, 	 298.64663258139103163558, 	 298.03741101795230861171
5.90040000000000031122, 	 296.79460342507422865310, 	 296.20205854588692773177, 	 295.63392027001845008272
5.90150000000000041211, 	 294.27062802306733146906, 	 293.71549009141187980276, 	 293.18854569779534813279
5.90260000000000051301, 	 291.70138929964866747468, 	 291.18803600458562641506, 	 290.70481870293247084192
5.90370000000000061391, 	 289.07132457589165142053, 	 288.60751604504150691355, 	 288.17756648071105018971
5.90480000000000071481, 	 286.38300875231601594351, 	 285.97013832660906018646, 	 285.59753828846532996977
5.90589999999999992752, 	 283.64013426880546830944, 	 283.27820736249043420685, 	 282.96494429130370917846
5.90700000000000002842, 	 280.84713466259364622601, 	 280.53604143619810429300, 	 280.28344372962067154731
5.90810000000000012932, 	 278.00990049814572557807, 	 277.75562941209324208103, 	 277.57195935496889660499
5.90920000000000023022, 	 275.13993789417810376108, 	 274.94612020222695036864, 	 274.83523265796799250893
5.91030000000000033111, 	 272.24111260632190578690, 	 272.11087320904533726207, 	 272.07557046318760285430
5.91140000000000043201, 	 269.31436031964079802492, 	 269.24999012519998586868, 	 269.29195146043747399744
5.91250000000000053291, 	 266.35808519441786756943, 	 266.36161044686599552733, 	 266.48254122114809661070
5.91360000000000063380, 	 263.36532381820200043876, 	 263.44249696094198043284, 	 263.64356886645333588604
5.91469999999999984652, 	 260.33721364131753261972, 	 260.49467549377550312784, 	 260.77246417825773505683
5.91579999999999994742, 	 257.27702810156495161209, 	 257.51723979778154216547, 	 257.87077614699506966645
5.91690000000000004832, 	 254.18460133730391703466, 	 254.50934240852677703515, 	 254.93829283962867293667
5.91800000000000014921, 	 251.06229878571107860807, 	 251.47005792545121494186, 	 251.97239559906140016210
5.91910000000000025011, 	 247.92403801747349234574, 	 248.40735612714547642099, 	 248.97656234156843879646
5.92020000000000035101, 	 244.76904052359844854436, 	 245.32525179881682220184, 	 245.95840557683121119226
5.92130000000000045191, 	 241.59529486855691970959, 	 242.22261870559904650690, 	 242.91746217959453701951
5.92240000000000055280, 	 238.39493214447773539177, 	 239.08580357929812976181, 	 239.83649340218514112166
5.92350000000000065370, 	 235.15565173481260785593, 	 235.90723972838222266546, 	 236.71334188520174279802
5.92459999999999986642, 	 231.87317350566297591286, 	 232.68402594243084990921, 	 233.54589515363156237981
5.92569999999999996732, 	 228.54577324683938854832, 	 229.41489182329348750500, 	 230.33296442308389373466
5.92680000000000006821, 	 225.17376289267761535484, 	 226.10031627338122461879, 	 227.07490370750579700143
5.92790000000000016911, 	 221.75901078756254491964, 	 222.74223604665050402218, 	 223.77344721532176663459
5.92900000000000027001, 	 218.30436524140390019966, 	 219.34356015941628470500, 	 220.43129874616820984556
5.93010000000000037090, 	 214.81314185111347114798, 	 215.90788105205010083409, 	 217.05191898028857622194
5.93120000000000047180, 	 211.29094460269914179662, 	 212.44151402070369272224, 	 213.64092716460925203137
5.93230000000000057270, 	 207.74157916167115445205, 	 208.94730276078797714945, 	 210.20082625454585922853
5.93340000000000067359, 	 204.16655158448509155278, 	 205.42709683383887409036, 	 206.73404369230860311291
5.93449999999999988631, 	 200.56704446954549325710, 	 201.88240495485933934106, 	 203.24247444989856603570
5.93559999999999998721, 	 196.94373983565014896158, 	 198.31411819429209231203, 	 199.72722296853817169904
5.93670000000000008811, 	 193.29677680984912058193, 	 194.72249963414222406755, 	 196.18872907557906160037
5.93780000000000018900, 	 189.62606517278877049648, 	 191.10758406031365552735, 	 192.62722509920175184561
5.93890000000000028990, 	 185.93133436015429538202, 	 187.46905654076854830237, 	 189.04232775662913468295
5.94000000000000039080, 	 182.21196792345591575213, 	 183.80617314737762058030, 	 185.43320038581612152484
5.94110000000000049170, 	 178.46723227607071748935, 	 180.11807928812086743164, 	 181.79895778547913209877
5.94220000000000059259, 	 174.69658284561586469863, 	 176.40414483314202698239, 	 178.13898527742509259042
5.94330000000000069349, 	 170.89987641417528152488, 	 172.66418022012953770172, 	 174.45312200613329878252
5.94439999999999990621, 	 167.07744063890268648720, 	 168.89849464135795642505, 	 170.74168791876223849613
5.94550000000000000711, 	 163.23000697248318147103, 	 165.10781284504091104282, 	 167.00538507340212390773
5.94660000000000010800, 	 159.35856031780937769327, 	 161.29311311865427569501, 	 163.24513901076133493007
5.94770000000000020890, 	 155.46416864449662398329, 	 157.45545091678761195908, 	 159.46193595432575307314
5.94880000000000030980, 	 151.54784165993015676577, 	 153.59581684818920166435, 	 155.65669725838844783539
5.94990000000000041069, 	 147.61044546844846081513, 	 149.71505341541316624898, 	 151.83020786820830494435
5.95100000000000051159, 	 143.65267206114262421579, 	 145.81382573586773787611, 	 147.98309144486887589665
5.95210000000000061249, 	 139.67505782820157378410, 	 141.89264415317933298866, 	 144.11583577005353618006
5.95320000000000071338, 	 135.67803233711029520236, 	 137.95191368013215083010, 	 140.22883607036044395500
5.95429999999999992610, 	 131.66197367832683084998, 	 133.99198946504498053400, 	 136.32244428729487140117
5.95540000000000002700, 	 127.62725831226518380390, 	 130.01322671599933755715, 	 132.39701396785775955323
5.95650000000000012790, 	 123.57429815671650885633, 	 126.01601801427663929189, 	 128.45293446208847853995
5.95760000000000022879, 	 119.50356256457645542923, 	 122.00081575356796292908, 	 124.49065224178909261354
5.95870000000000032969, 	 115.41558633922225851620, 	 117.96814072794586536475, 	 120.51067984405361244171
5.95980000000000043059, 	 111.31096671652936436203, 	 113.91857955987461537006, 	 116.51359438709044979987
5.96090000000000053149, 	 107.19035274724596717988, 	 109.85277418203614274717, 	 112.50002821835983013443
5.96200000000000063238, 	 103.05443031500681172474, 	 105.77140649758345603004, 	 108.47065441446218869714
5.96309999999999984510, 	 98.90390555926875038040, 	 101.67518101867027269236, 	 104.42616979734512483446
5.96419999999999994600, 	 94.73948896959008436625, 	 97.56480789852054158473, 	 100.36727794492421139694
5.96530000000000004690, 	 90.56188336388942161648, 	 93.44099113777711806961, 	 96.29467967415357065875
5.96640000000000014779, 	 86.37177290322473766082, 	 89.30441081190900831643, 	 92.20904207127652796316
5.96750000000000024869, 	 82.16982616728485311342, 	 85.15636195597838309368, 	 88.11408034370106179267
5.96860000000000034959, 	 77.95616953532969262142, 	 80.99743359106800255631, 	 84.00930249095510760071
5.96970000000000045048, 	 73.73073978591763477652, 	 76.82713718109344824825, 	 79.89367351854070875561
5.97080000000000055138, 	 69.49349531178839356471, 	 72.64517371658598676731, 	 75.76663954677995604925
5.97190000000000065228, 	 65.24471522339834450577, 	 68.45162477521805044489, 	 71.62809746853707792980
5.97299999999999986500, 	 60.98501871435995269621, 	 64.24697066600111838852, 	 67.47838798166412743740
5.97409999999999996589, 	 56.71529995776529631257, 	 60.03201598452067599965, 	 63.31820862933767557479
5.97520000000000006679, 	 52.43662525802754004189, 	 55.80777639925993582892, 	 59.14849610630962217783
5.97630000000000016769, 	 48.15012923538982647642, 	 51.57536540723355500404, 	 54.97031117448766224243
5.97740000000000026859, 	 43.85693084410291930908, 	 47.33590155501718754749, 	 50.78474285808562882494
5.97850000000000036948, 	 39.55807602536014400130, 	 43.09044275535578805147, 	 46.59283761408956792138
5.97960000000000047038, 	 35.25450563748059806812, 	 38.83994668099787617166, 	 42.39555332317034697098
5.98070000000000057128, 	 30.94704411409703226354, 	 34.58525327822457740012, 	 38.19373555975738554480
5.98180000000000067217, 	 26.63640396064209525662, 	 30.32708502465792221869, 	 33.98811291666577716342
5.98289999999999988489, 	 22.32320182607931613461, 	 26.06606088083464456417, 	 29.77930787056014594327
5.98399999999999998579, 	 18.00798238220988878311, 	 21.80272000902244755594, 	 25.56785919794383943326
5.98510000000000008669, 	 13.69124632413948461362, 	 17.53755110800895877787, 	 21.35425134031558513925
5.98620000000000018758, 	 9.95252626890595415432, 	 13.58299397552314324855, 	 17.31233329585122859839
5.98730000000000028848, 	 7.12915823581633123496, 	 10.45206845932487560447, 	 13.97461818042638981296
5.98840000000000038938, 	 5.25659452275619543116, 	 8.26313655841487637588, 	 11.52417959514789558284
5.98950000000000049027, 	 4.24610192675589281919, 	 6.96308799705931757984, 	 9.94343394519006729126
5.99060000000000059117, 	 3.92020302266419529147, 	 6.39184279189707815760, 	 9.09980599237375287203
5.99170000000000069207, 	 4.06499297487418242980, 	 6.34098289547865068272, 	 8.80422402291032923927
5.99279999999999990479, 	 4.47227769875193281734, 	 6.59983415623199221045, 	 8.85683051972819868070
5.99390000000000000568, 	 4.96675955174354832877, 	 6.98553510431926838464, 	 9.07757706983285928004
5.99500000000000010658, 	 5.41901426087615956106, 	 7.35867181860738384103, 	 9.32405365897604099246
5.99610000000000020748, 	 5.74861345706121440458, 	 7.62824761895453473670, 	 9.49823700858979691475
5.99720000000000030838, 	 5.91776901791551690479, 	 7.74788613662173375474, 	 9.54591594112339691947
5.99830000000000040927, 	 5.92352521665039422061, 	 7.70765022945701439028, 	 9.44903617386657224131
5.99940000000000051017, 	 5.78756835813035230842, 	 7.52405391393220845941, 	 9.21668444604547154597
6.00050000000000061107, 	 5.54530093446717220473, 	 7.22979938998705140563, 	 8.87605604473744591587
6.00160000000000071196, 	 5.23695028511164739626, 	 6.86446184406515325094, 	 8.46326340966270151966
6.00269999999999992468, 	 4.90072575319624803569, 	 6.46698599975125532069, 	 8.01544488270962496301
6.00380000000000002558, 	 4.56795017636303413155, 	 6.07004607762269365878, 	 7.56456403341649608052
6.00490000000000012648, 	 4.26004518874156090646, 	 5.69661426753403876688, 	 7.13371023113628233148
6.00600000000000022737, 	 3.98771547076581045488, 	 5.35883865638590428659, 	 6.73574327341423195747
6.00710000000000032827, 	 3.75253220987495739180, 	 5.05897903087269984468, 	 6.37353871570982466466
6.00820000000000042917, 	 3.54900169018882971628, 	 4.79183295538886255827, 	 6.04264205422664257839
6.00930000000000053006, 	 3.36763424609425499057, 	 4.54793340001222556879, 	 5.73439884354754703111
6.01040000000000063096, 	 3.19801413942630974319, 	 4.31677016375264521741, 	 5.43911008084107638894
6.01150000000000073186, 	 3.03129736070757660471, 	 4.08942596379104461590, 	 5.14861190604161933493
6.01259999999999994458, 	 2.86179481644784194927, 	 3.86025601854798372514, 	 4.85791352811645094079
6.01370000000000004547, 	 2.68754846521202983567, 	 3.62750838136631026387, 	 4.56579621304464655651
6.01480000000000014637, 	 2.51002773693848357794, 	 3.39301805176725679303, 	 4.27451064162546945369
6.01590000000000024727, 	 2.33321304482379021650, 	 3.16124676470872678635, 	 3.98882425817309771432
6.01700000000000034817, 	 2.16237442586348915796, 	 2.93800102996163792213, 	 3.71476987548524029137
6.01810000000000044906, 	 2.00287452981268332408, 	 2.72917214363970694890, 	 3.45841268987253469547
6.01920000000000054996, 	 1.85920435797202587835, 	 2.53971179783333012026, 	 3.22484086905368272369
6.02030000000000065086, 	 1.73436828763582129298, 	 2.37297161992177763068, 	 3.01751067051427135368
6.02139999999999986358, 	 1.62964453650103036075, 	 2.23043685692785897956, 	 2.83797701517508338398
6.02249999999999996447, 	 1.54467437976167043523, 	 2.11180947768265392384, 	 2.68597129638149079156
6.02360000000000006537, 	 1.47779153228412241106, 	 2.01534798815190052679, 	 2.55973065927698328892
6.02470000000000016627, 	 1.42646872002411106983, 	 1.93833412211897671007, 	 2.45645657369301861905
6.02580000000000026716, 	 1.38778959092975751055, 	 1.87757809926048202520, 	 2.37282541381349210141
6.02690000000000036806, 	 1.35887717873934699142, 	 1.82988423187398629999, 	 2.30546498597475801873
6.02800000000000046896, 	 1.33722524236388640162, 	 1.79241630690766307055, 	 2.25133200012058320993
6.02910000000000056986, 	 1.32090142475551997059, 	 1.76292798700091379871, 	 2.20795624821300684459
6.03020000000000067075, 	 1.30862636774313112475, 	 1.73986393758845525603, 	 2.17356031238782287929
6.03129999999999988347, 	 1.29975284198035190286, 	 1.72235194827276338891, 	 2.14706539921302086427
6.03239999999999998437, 	 1.29416659554269575239, 	 1.71010694248549555141, 	 2.12800383763190170683
6.03350000000000008527, 	 1.29214010549464797251, 	 1.70328140373013292574, 	 2.11637494481598942286
6.03460000000000018616, 	 1.29417146320877374244, 	 1.70229603735410095489, 	 2.11247703086333782352
6.03570000000000028706, 	 1.30083381317249302533, 	 1.70767827721888920678, 	 2.11674396987999502429
6.03680000000000038796, 	 1.31265361871834063123, 	 1.71992899279427668979, 	 2.12960745510448434814
6.03790000000000048885, 	 1.33002652489043593498, 	 1.73942734164140144770, 	 2.15139544768700163857
6.03900000000000058975, 	 1.35317381032375760874, 	 1.76637996443815858960, 	 2.18227844649983548919
6.04010000000000069065, 	 1.38214171184402956349, 	 1.80081486410859326064, 	 2.22225487909409968879
6.04119999999999990337, 	 1.41681383596014653925, 	 1.84258520010822923751, 	 2.27114393726561214493
6.04230000000000000426, 	 1.45693984489347294620, 	 1.89139962506330094882, 	 2.32861912303278240088
6.04340000000000010516, 	 1.50218464642389437635, 	 1.94687415041852451836, 	 2.39425971253238589753
6.04450000000000020606, 	 1.55217998494741671323, 	 2.00858626600196821244, 	 2.46760410004093344583
6.04560000000000030695, 	 1.60657125699613945180, 	 2.07612607526483916587, 	 2.54820261056472752159
6.04670000000000040785, 	 1.66505191862927182100, 	 2.14913211842560869513, 	 2.63565069478840685591
6.04780000000000050875, 	 1.72737811045419720202, 	 2.22730787784374184568, 	 2.72960704022334521568
6.04890000000000060965, 	 1.79336922154081390701, 	 2.31042105614399773117, 	 2.82978884415139742003
6.05000000000000071054, 	 1.86288889537532287299, 	 2.39828270603865822963, 	 2.93595169053282001315
6.05109999999999992326, 	 1.93581584884320001549, 	 2.49072603269884051969, 	 3.04787805098616626509
6.05220000000000002416, 	 2.01203639250336641098, 	 2.58758372202234943060, 	 3.16534051667546467712
6.05330000000000012506, 	 2.09141864950763389785, 	 2.68866768264521249776, 	 3.28808854161994412735
6.05440000000000022595, 	 2.17379939404313970996, 	 2.79375548290521891204, 	 3.41583575689737495296
6.05550000000000032685, 	 2.25897959712929852216, 	 2.90258581921656988456, 	 3.54825626475198596665
6.05660000000000042775, 	 2.34672854639310735081, 	 3.01486330397166479855, 	 3.68499036262891710436
6.05770000000000052864, 	 2.43679460390049928975, 	 3.13027027688972347974, 	 3.82565693810384299667
6.05880000000000062954, 	 2.52891886694738765584, 	 3.24848145704589619243, 	 3.96986808345189290392
6.05990000000000073044, 	 2.62284759297916858500, 	 3.36917703218022701606, 	 4.11724178018451070216
6.06099999999999994316, 	 2.71833259891182965617, 	 3.49203550318605948632, 	 4.26737770004762051457
6.06210000000000004405, 	 2.81511290885315235144, 	 3.61672675426454093284, 	 4.41988752065678358605
6.06320000000000014495, 	 2.91297398743852875569, 	 3.74298189123498525888, 	 4.57445520239621483682
6.06430000000000024585, 	 3.01174752351063101941, 	 3.87057535949268949338, 	 4.73079610919573667616
6.06540000000000034674, 	 3.11128170029021466902, 	 3.99929590347643770798, 	 4.88863463020846378271
6.06650000000000044764, 	 3.21142100132133334611, 	 4.12892775438718917513, 	 5.04769019985895184277
6.06760000000000054854, 	 3.31199749624872596954, 	 4.25924312036634855616, 	 5.20767257270214134479
6.06870000000000064944, 	 3.41283153413899809081, 	 4.39000383530359705730, 	 5.36828466077603660978
6.06979999999999986215, 	 3.51373802107609201073, 	 4.52096825593078133210, 	 5.52922947511892370898
6.07089999999999996305, 	 3.61453435026957015097, 	 4.65189951016640002024, 	 5.69021782279137777749
6.07200000000000006395, 	 3.71504705308810123654, 	 4.78257223177399470870, 	 5.85097433466344618580
6.07310000000000016485, 	 3.81511564444957418374, 	 4.91277632339591807664, 	 6.01124061959659705678
6.07420000000000026574, 	 3.91459341759541734618, 	 5.04231760247169447098, 	 6.17077559212912429842
6.07530000000000036664, 	 4.01334612771511967111, 	 5.17101648015544945736, 	 6.32935435436208670978
6.07640000000000046754, 	 4.11124997296956973258, 	 5.29870589288059967714, 	 6.48676616267059014120
6.07750000000000056843, 	 4.20818875784422186115, 	 5.42522809933895722168, 	 6.64281092131927231037
6.07860000000000066933, 	 4.30405137563067974327, 	 5.55043277695217440737, 	 6.79729926344343748923
6.07969999999999988205, 	 4.39873511488714186157, 	 5.67418120506489120913, 	 6.95005627150886517995
6.08079999999999998295, 	 4.49214125490940574537, 	 5.79633795651284255968, 	 7.10090778772040742695
6.08190000000000008384, 	 4.58416723371757317551, 	 5.91676407594636089016, 	 7.24967721178457225051
6.08300000000000018474, 	 4.67470655649739796900, 	 6.03531798503811600654, 	 7.39618781521581958316
6.08410000000000028564, 	 4.76365242351378537222, 	 6.15185948468669963063, 	 7.54026674627265691697
6.08520000000000038654, 	 4.85090193694929538992, 	 6.26625406200817636204, 	 7.68174891354057809423
6.08630000000000048743, 	 4.93635921984457404221, 	 6.37837595675119928273, 	 7.82047956544611277963
6.08740000000000058833, 	 5.01993678141976396034, 	 6.48810940329689778139, 	 7.95631518478606825084
6.08850000000000068923, 	 5.10155535188652375922, 	 6.59534837711067467581, 	 8.08912314092923701025
6.08959999999999990195, 	 5.18114287351259328318, 	 6.69999555963592463570, 	 8.21878075341805747200
6.09070000000000000284, 	 5.25863335779171237050, 	 6.80196123562036181198, 	 8.34517439517737713572
6.09180000000000010374, 	 5.33396610280743121990, 	 6.90116259319855629428, 	 8.46819900789750157344
6.09290000000000020464, 	 5.40708544998253692881, 	 6.99752357439976702125, 	 8.58775811095291707886
6.09400000000000030553, 	 5.47794099763391884039, 	 7.09097516821769158213, 	 8.70376417236162147617
6.09510000000000040643, 	 5.54648803685888314163, 	 7.18145588797509759615, 	 8.81613908025526349377
6.09620000000000050733, 	 5.61268804034108992340, 	 7.26891234435937949598, 	 8.92481480951249750433
6.09730000000000060822, 	 5.67650924754640495706, 	 7.35329987536694140715, 	 9.02973399299133738793
6.09840000000000070912, 	 5.73792675995280898604, 	 7.43458249316941444107, 	 9.13084958204093943834
6.09949999999999992184, 	 5.79692189157914317121, 	 7.51273205809821931211, 	 9.22812382719659218822
6.10060000000000002274, 	 5.85348110770871965514, 	 7.58772707713785443673, 	 9.32152701072386768999
6.10170000000000012363, 	 5.90759501528443742302, 	 7.65955162763740204923, 	 9.41103641856926742548
6.10280000000000022453, 	 5.95925774979602262960, 	 7.72819472847197097565, 	 9.49663578508885031226
6.10390000000000032543, 	 6.00846687969318615785, 	 7.79365027415428457402, 	 9.57831530211688431109
6.10500000000000042633, 	 6.05522373741341723985, 	 7.85591738774243797394, 	 9.65607196486907781718
6.10610000000000052722, 	 6.09953387146161496446, 	 7.91500085218602134063, 	 9.72990991331547583343
6.10720000000000062812, 	 6.14140737199238895272, 	 7.97091140126808284094, 	 9.79984063561379059593
6.10830000000000072902, 	 6.18085897837769060459, 	 8.02366577111748568996, 	 9.86588291922279836399
6.10939999999999994174, 	 6.21790791243429374902, 	 8.07328645510243703143, 	 9.92806250609586982137
6.11050000000000004263, 	 6.25257747926498019808, 	 8.11980122056719721968, 	 9.98641153246277823996
6.11160000000000014353, 	 6.28489452476591292651, 	 8.16324246157085831044, 	 10.04096778000696232880
6.11270000000000024443, 	 6.31488880383169171040, 	 8.20364648046513167401, 	 10.09177393176107351280
6.11380000000000034532, 	 6.34259258174506790340, 	 8.24105309161199883761, 	 10.13887725246118698408
6.11490000000000044622, 	 6.36804057957253544231, 	 8.27550555376990182310, 	 10.18232950030369465821
6.11600000000000054712, 	 6.39126999970814857477, 	 8.30705052108594266258, 	 10.22218675024369183291
6.11710000000000064801, 	 6.41232043847982158269, 	 8.33573788097826096077, 	 10.25850914022658777469
6.11819999999999986073, 	 6.43123363679762061196, 	 8.36162034739477988410, 	 10.29136021790343669124
6.11929999999999996163, 	 6.44805284626807306836, 	 8.38475269106684351073, 	 10.32080610240173434988
6.12040000000000006253, 	 6.46282238839818390375, 	 8.40519130702958605639, 	 10.34691515098758607394
6.12150000000000016342, 	 6.47558759457054389230, 	 8.42299416477219686783, 	 10.36975794832560460179
6.12260000000000026432, 	 6.48639506962772660614, 	 8.43822113349892966028, 	 10.38940772433575965294
6.12370000000000036522, 	 6.49529329251540854528, 	 8.45093467262291575537, 	 10.40594111315695968756
6.12480000000000046612, 	 6.50233329478268728963, 	 8.46120053725613452400, 	 10.41943879194653810316
6.12590000000000056701, 	 6.50756898139629758049, 	 8.46908800872176392716, 	 10.42998549034133048963
6.12700000000000066791, 	 6.51105672580270766758, 	 8.47466928069340141860, 	 10.43766907271834476489
6.12809999999999988063, 	 6.51285422423607585074, 	 8.47801807564534293249, 	 10.44257893604530984533
6.12919999999999998153, 	 6.51301905235268119299, 	 8.47920803495241059977, 	 10.44480435589322198098
6.13030000000000008242, 	 6.51160750067209104230, 	 8.47831148466216255599, 	 10.44443332643662891712
6.13140000000000018332, 	 6.50867403505675135023, 	 8.47539889072764651701, 	 10.44155210108554499016
6.13250000000000028422, 	 6.50427140172752515923, 	 8.47053899654439845790, 	 10.43624539345745105834
6.13360000000000038511, 	 6.49845124234199644775, 	 8.46379950281196258288, 	 10.42859710425300434622
6.13470000000000048601, 	 6.49126500871892897493, 	 8.45524806762562697315, 	 10.41869136160310027606
6.13580000000000058691, 	 6.48276496457506290483, 	 8.44495339354081409056, 	 10.40661361831986475579
6.13690000000000068781, 	 6.47300499368104986786, 	 8.43298607392183541265, 	 10.39245144659057373815
6.13799999999999990052, 	 6.46204099784504748527, 	 8.41941898869337279621, 	 10.37629486836158676510
6.13910000000000000142, 	 6.44993084487793666426, 	 8.40432722089224171214, 	 10.35823621615547374120
6.14020000000000010232, 	 6.43673394982718338753, 	 8.38778758553858772018, 	 10.33836961886478178485
6.14130000000000020322, 	 6.42251062830561636474, 	 8.36987791476855136352, 	 10.31679024859411164528
6.14240000000000030411, 	 6.40732136293994436471, 	 8.35067624479385628433, 	 10.29359346610886305484
6.14350000000000040501, 	 6.39122609881396552822, 	 8.33026002638508344944, 	 10.26887398338771895112
6.14460000000000050591, 	 6.37428369325039856363, 	 8.30870544550338685497, 	 10.24272508519128699334
6.14570000000000060680, 	 6.35655192687999104351, 	 8.28608686636833624561, 	 10.21523750391798479598
6.14680000000000070770, 	 6.33808446791077972904, 	 8.26247643950314092365, 	 10.18650173512917689322
6.14789999999999992042, 	 6.31893483351117879465, 	 8.23794400926820102882, 	 10.15660386036417328626
6.14900000000000002132, 	 6.29915465368052451822, 	 8.21255709108891096548, 	 10.12562723554511023849
6.15010000000000012221, 	 6.27879361748112074793, 	 8.18638094327693366381, 	 10.09365267624168538418
6.15120000000000022311, 	 6.25789962379014319538, 	 8.15947868232776407638, 	 10.06075852660010028217
6.15230000000000032401, 	 6.23651893967854054068, 	 8.13191141567767061815, 	 10.02702075656827673811
6.15340000000000042490, 	 6.21469634309321072863, 	 8.10373836963592886207, 	 9.99251306719199305917
6.15450000000000052580, 	 6.19247523714572256637, 	 8.07501699506523173966, 	 9.95730697943325360200
6.15560000000000062670, 	 6.16989771850892232408, 	 8.04580302703877592307, 	 9.92147187768733651581
6.15670000000000072760, 	 6.14700458942570548970, 	 8.01615048574147870397, 	 9.88507499470136430375
6.15779999999999994031, 	 6.12383531944959358384, 	 7.98611162971643739894, 	 9.84818136088821560747
6.15890000000000004121, 	 6.10042800206009694364, 	 7.95573691689004380834, 	 9.81085378288685205916
6.16000000000000014211, 	 6.07681935535673467541, 	 7.92507501942254588556, 	 9.77315288180832375531
6.16110000000000024301, 	 6.05304476770101729244, 	 7.89417288016258744676, 	 9.73513715709677640575
6.16220000000000034390, 	 6.02913833916245067712, 	 7.86307574981392587432, 	 9.69686300512208099178
6.16330000000000044480, 	 6.00513285666387552908, 	 7.83182713893395643368, 	 9.65838463193657226213
6.16440000000000054570, 	 5.98105966857876047982, 	 7.80046865595675242844, 	 9.61975384884263995389
6.16550000000000064659, 	 5.95694851979120443275, 	 7.76903984106531098064, 	 9.58101994259962985723
6.16659999999999985931, 	 5.93282741978615657530, 	 7.73757795750499166587, 	 9.54222930315646422628
6.16769999999999996021, 	 5.90872214819105945338, 	 7.70611737678608488267, 	 9.50342473694611200585
6.16880000000000006111, 	 5.88465595579147571215, 	 7.67468935461362011807, 	 9.46464543544521141882
6.16990000000000016200, 	 5.86064976466028220159, 	 7.64332231633737446685, 	 9.42592736639954864586
6.17100000000000026290, 	 5.83672264539594198851, 	 7.61204239348784472696, 	 9.38730383375845534033
6.17210000000000036380, 	 5.81289232352637519341, 	 7.58087396175953287525, 	 9.34880599458503525057
6.17320000000000046469, 	 5.78917555150202822745, 	 7.54984002577262192091, 	 9.31046321354406636317
6.17430000000000056559, 	 5.76558828475519913326, 	 7.51896239738928962026, 	 9.27230322068150591974
6.17540000000000066649, 	 5.74214567982887835740, 	 7.48826169264156238370, 	 9.23435210465131817159
6.17649999999999987921, 	 5.71886197751222802310, 	 7.45775721482014564145, 	 9.19663420775802897822
6.17759999999999998010, 	 5.69575034616699227286, 	 7.42746680084282839829, 	 9.15917199254072400549
6.17870000000000008100, 	 5.67282273768955125348, 	 7.39740667872595381027, 	 9.12198591412376380561
6.17980000000000018190, 	 5.65008977721136318451, 	 7.36759135687284150151, 	 9.08509431833778968723
6.18090000000000028280, 	 5.62756069288587834620, 	 7.33803355118983002825, 	 9.04851336978306974856
6.18200000000000038369, 	 5.60524327409406186717, 	 7.30874413625082741675, 	 9.01225699510245981116
6.18310000000000048459, 	 5.58314384537967889344, 	 7.27973211229349725926, 	 8.97633684330475212221
6.18420000000000058549, 	 5.56126725874609206812, 	 7.25100459419548659667, 	 8.94076227242847387799
6.18530000000000068638, 	 5.53961690460115274703, 	 7.22256682046811970821, 	 8.90554035544778521682
6.18639999999999989910, 	 5.51819473281943384535, 	 7.19442217354063906498, 	 8.87067589873554318558
6.18750000000000000000, 	 5.49700128433819923401, 	 7.16657221615947204185, 	 8.83617148568949239973
6.18860000000000010090, 	 5.47603575015789711955, 	 7.13901676584394806468, 	 8.80202757250367540109
6.18970000000000020179, 	 5.45529607840197172663, 	 7.11175402873915540880, 	 8.76824265381356049431
6.19080000000000030269, 	 5.43477913282330593603, 	 7.08478079138421446004, 	 8.73481348698357784599
6.19190000000000040359, 	 5.41448087905021147037, 	 7.05809263902183658956, 	 8.70173533427251655326
6.19300000000000050449, 	 5.39439655561256259375, 	 7.03168415072206354210, 	 8.66900216880286755838
6.19410000000000060538, 	 5.37452078622356221871, 	 7.00554902443370330900, 	 8.63660679910243445079
6.19520000000000070628, 	 5.35484760773370016551, 	 6.97968010711688435777, 	 8.60454089316794146214
6.19629999999999991900, 	 5.33537041605978945569, 	 6.95406933620046441291, 	 8.57279491515807912094
6.19740000000000001990, 	 5.31608185833322544056, 	 6.92870762571041343136, 	 8.54135801274377648440
6.19850000000000012079, 	 5.29697371362569491282, 	 6.90358474435922264689, 	 8.51021790523684629193
6.19960000000000022169, 	 5.27803680909033001711, 	 6.87868923772410134632, 	 8.47936082668900326098
6.20070000000000032259, 	 5.25926100816985986341, 	 6.85400843193196696035, 	 8.44877155651888500643
6.20180000000000042348, 	 5.24063528251012744619, 	 6.82952852908533625254, 	 8.41843354408167776626
6.20290000000000052438, 	 5.22214785899823752402, 	 6.80523478461780939597, 	 8.38832911608390041636
6.20400000000000062528, 	 5.20378641859906121425, 	 6.78111173989187676625, 	 8.35843973676372442583
6.20510000000000072617, 	 5.18553832007681414495, 	 6.75714349524298985017, 	 8.32874634920319323328
6.20619999999999993889, 	 5.16739106845529150291, 	 6.73331435178026183053, 	 8.29923023441055285332
6.20730000000000003979, 	 5.14933269462195575272, 	 6.70960902285017901647, 	 8.26987277088105088296
6.20840000000000014069, 	 5.13135117028390919103, 	 6.68601194265253528926, 	 8.24065477174415939032
6.20950000000000024158, 	 5.11343410321864144663, 	 6.66250709720751554954, 	 8.21155657180588960387
6.21060000000000034248, 	 5.09556882262123256311, 	 6.63907816142848705709, 	 8.18255820924954413442
6.21170000000000044338, 	 5.07774256060448347938, 	 6.61570870757285778296, 	 8.15363964326932944005
6.21280000000000054428, 	 5.05994264741802535212, 	 6.59238242383067163388, 	 8.12478098012622851343
6.21390000000000064517, 	 5.04215668230098401636, 	 6.56908330417592445372, 	 8.09596266735520408986
6.21499999999999985789, 	 5.02437264862424992629, 	 6.54579577464305728540, 	 8.06716561845739299486
6.21609999999999995879, 	 5.00657895299322941440, 	 6.52250473482157744343, 	 8.03837124848538842059
6.21720000000000005969, 	 4.98876438765672869380, 	 6.49919551608902512640, 	 8.00956142657145520047
6.21830000000000016058, 	 4.97091803877782822951, 	 6.47585378419262980287, 	 7.98071837887202750750
6.21940000000000026148, 	 4.95302917962248834272, 	 6.45246542942438150448, 	 7.95182458621860099868
6.22050000000000036238, 	 4.93508718524453637855, 	 6.42901648202435094248, 	 7.92286271046184431555
6.22160000000000046327, 	 4.91708148063205552347, 	 6.40549305375061006629, 	 7.89381552366907524032
6.22270000000000056417, 	 4.89900146117123380662, 	 6.38188123512525251613, 	 7.86466578434573992951
6.22380000000000066507, 	 4.88083648298464467530, 	 6.35816713271670419516, 	 7.83539637588903303822
6.22489999999999987779, 	 4.86257611852528714991, 	 6.33433720658331989029, 	 7.80599073824094435992
6.22599999999999997868, 	 4.84421055342460959992, 	 6.31037871338875167027, 	 7.77643331753411715113
6.22710000000000007958, 	 4.82573089557012568918, 	 6.28628001966816540858, 	 7.74670983348898367638
6.22820000000000018048, 	 4.80712926903944204327, 	 6.26203067406065461142, 	 7.71680729877710547271
6.22930000000000028137, 	 4.78839869271005280638, 	 6.23762125595350269691, 	 7.68671383396920582243
6.23040000000000038227, 	 4.76953282737285633175, 	 6.21304309848982594389, 	 7.65641838789167383794
6.23150000000000048317, 	 4.75052574871936883483, 	 6.18828808155981224814, 	 7.62591060197949399679
6.23260000000000058407, 	 4.73137183727525911792, 	 6.16334849508250215422, 	 7.59518061109781772444
6.23370000000000068496, 	 4.71206557290069483201, 	 6.13821679717917234598, 	 7.56421879069436720044
6.23479999999999989768, 	 4.69260144313470828337, 	 6.11288555277467793303, 	 7.53301577190810522922
6.23589999999999999858, 	 4.67297409277986997012, 	 6.08734763150379443175, 	 7.50156268942508663855
6.23700000000000009948, 	 4.65317854356473237232, 	 6.06159641807832993976, 	 7.46985133190484695831
6.23810000000000020037, 	 4.63321028048925231957, 	 6.03562587938015759903, 	 7.43787417964345998200
6.23920000000000030127, 	 4.61306529177984803169, 	 6.00943061104712672460, 	 7.40562445949393755029
6.24030000000000040217, 	 4.59274010407537591760, 	 5.98300589296072438117, 	 7.37309624118275319660
6.24140000000000050306, 	 4.57223192069456985109, 	 5.95634788751407562302, 	 7.34028471899541745671
6.24250000000000060396, 	 4.55153888483135027343, 	 5.92945395770571970218, 	 7.30718657335588606117
6.24360000000000070486, 	 4.53066033710743898411, 	 5.90232294819003744379, 	 7.27380024241414258057
6.24469999999999991758, 	 4.50959694218928675014, 	 5.87495530801646737018, 	 7.24012601250236187411
6.24580000000000001847, 	 4.48835064671411831938, 	 5.84735303152480767608, 	 7.20616593297310181754
6.24690000000000011937, 	 4.46692451850909133526, 	 5.81951948282176356742, 	 7.17192363506627117431
6.24800000000000022027, 	 4.44532252777511427411, 	 5.79145915163428259831, 	 7.13740406737285759675
6.24910000000000032117, 	 4.42354927841065848071, 	 5.76317734742395870740, 	 7.10261316409249854331
6.25020000000000042206, 	 4.40160977762949467973, 	 5.73467996996931184128, 	 7.06755766123246598198
6.25130000000000052296, 	 4.37950939378200665431, 	 5.70597349130301090270, 	 7.03224512120630773637
6.25240000000000062386, 	 4.35725395041004670560, 	 5.67706505583591169994, 	 6.99668402256101185088
6.25350000000000072475, 	 4.33484981684550607639, 	 5.64796255053462914475, 	 6.96088378240144223241
6.25459999999999993747, 	 4.31230392294450126656, 	 5.61867459786443035341, 	 6.92485471901569837883
6.25570000000000003837, 	 4.28962373338025315661, 	 5.58921052035438847838, 	 6.88860801021402391342
6.25680000000000013927, 	 4.26681721181277762156, 	 5.55958029336149284205, 	 6.85215563255043669244
6.25790000000000024016, 	 4.24389275749208927380, 	 5.52979446215446390767, 	 6.81551025558044898389
6.25900000000000034106, 	 4.22085911196036178694, 	 5.49986402935079077281, 	 6.77868511422581132564
6.26010000000000044196, 	 4.19772527861545619032, 	 5.46980037276239183797, 	 6.74169394401541755002
6.26120000000000054285, 	 4.17450054046269869445, 	 5.43961529021305523202, 	 6.70455107549975171111
6.26230000000000064375, 	 4.15119461789497368187, 	 5.40932119773288810904, 	 6.66727167746057780562
6.26339999999999985647, 	 4.12781790943879922651, 	 5.37893140079809572995, 	 6.62987203985969220099
6.26449999999999995737, 	 4.10438170528142620697, 	 5.34846032395278569993, 	 6.59236980445102638271
6.26560000000000005826, 	 4.08089835219626451135, 	 5.31792366728635723661, 	 6.55478403484673766144
6.26670000000000015916, 	 4.05738093205468253188, 	 5.28733792779298195086, 	 6.51713457404848561794
6.26780000000000026006, 	 4.03384297368088073910, 	 5.25672021908175679528, 	 6.47944207875358646476
6.26890000000000036096, 	 4.01029835578994742207, 	 5.22608811777701109946, 	 6.44172776192663754102
6.27000000000000046185, 	 3.98676110950139417355, 	 5.19545943618376160344, 	 6.40401315238042645461
6.27110000000000056275, 	 4.44094483120730121328, 	 5.41118210950513134350, 	 6.49639419862163336461
6.27220000000000066365, 	 5.82067293452609835214, 	 6.44147446182251925961, 	 7.26221759877218797641
6.27329999999999987637, 	 8.18937283602177146236, 	 8.43886526805513170757, 	 8.93083315419345957764
6.27439999999999997726, 	 11.32372367896974196810, 	 11.25750804170771424140, 	 11.44667400743331775459
6.27550000000000007816, 	 15.11355111997506561750, 	 14.75393665062918024944, 	 14.62268513966931848813
6.27660000000000017906, 	 19.45641716410090182876, 	 18.83226047917165146828, 	 18.36586610358205717830
6.27770000000000027995, 	 24.16426589550029646603, 	 23.28721193795768229506, 	 22.47980865885605439303
6.27880000000000038085, 	 29.02223693032969720207, 	 27.90689968942643517380, 	 26.79984187506581250204
6.27990000000000048175, 	 33.85047150448490782537, 	 32.54875129475749417907, 	 31.20746675863938435214
6.28100000000000058265, 	 38.57892517413293376194, 	 37.13997629931268562586, 	 35.62031514138482890530
6.28210000000000068354, 	 43.16287355769273403894, 	 41.61350277759559190827, 	 39.95421356751616315250
6.28319999999999989626, 	 47.58448626025470673540, 	 45.94002718011368102680, 	 44.16890490253909717921
6.28429999999999999716, 	 51.83982614706862079856, 	 50.10288287637246185113, 	 48.24033845667714359706
6.28540000000000009805, 	 55.94472338862045290853, 	 54.11916074679209742726, 	 52.17953110534047311830
6.28650000000000019895, 	 59.93449241858994724907, 	 58.01884870666473403844, 	 56.00573311445872803915
6.28760000000000029985, 	 63.84286533941014596394, 	 61.83257411467777586722, 	 59.74371434120044455085
6.28870000000000040075, 	 67.70164269323801420342, 	 65.59162960015625287724, 	 63.42267772235595657548
6.28980000000000050164, 	 71.53983083657495001262, 	 69.32614369140485166554, 	 67.07265959401858879119
6.29090000000000060254, 	 75.38185562200939671129, 	 73.06238113962712077409, 	 70.72064857865589715402
6.29200000000000070344, 	 79.24559419942913507384, 	 76.82006839572275680439, 	 74.38726929895439354823
6.29309999999999991616, 	 83.14107906892741084448, 	 80.61070560123334871605, 	 78.08488516329791195858
6.29420000000000001705, 	 87.07039504534223794963, 	 84.43732161573389305431, 	 81.81733863242494919632
6.29530000000000011795, 	 91.02883036047546738700, 	 88.29567171532276859125, 	 85.58121721407444226770
6.29640000000000021885, 	 95.00701251164979055375, 	 92.17652082621509634919, 	 89.36818504649066596812
6.29750000000000031974, 	 98.99338885227575701720, 	 96.06792069332169603513, 	 93.16486489447891017335
6.29860000000000042064, 	 102.97760041460485069820, 	 99.95748550481322070027, 	 96.95776055682499361410
6.29970000000000052154, 	 106.95215567000475687109, 	 103.83837395837802830556, 	 100.74304363730348654826
6.30080000000000062244, 	 110.91339450353383710990, 	 107.70749568977251442448, 	 104.51870285592025311416
6.30190000000000072333, 	 114.86069235270832677998, 	 111.56480898315268746046, 	 108.28544460596410203834
6.30299999999999993605, 	 118.79568613709126623235, 	 115.41252302865589740577, 	 112.04597527204886375785
6.30410000000000003695, 	 122.72127042771752769568, 	 119.25405999187793781857, 	 115.80402394807596522242
6.30520000000000013785, 	 126.64058540198979585512, 	 123.09301227605807582677, 	 119.56335808591208547114
6.30630000000000023874, 	 130.55619429315345314535, 	 126.93229644524932098193, 	 123.32698724074803919848
6.30740000000000033964, 	 134.46956258729190381018, 	 130.77361842395242774728, 	 127.09666269281463257812
6.30850000000000044054, 	 138.38085834004070306946, 	 134.61726901353586072219, 	 130.87268922751320587849
6.30960000000000054143, 	 142.28902619429311471322, 	 138.46220444870479582278, 	 134.65401219878719984990
6.31070000000000064233, 	 146.19205298572467199847, 	 142.30632611826266042954, 	 138.43849400360900858686
6.31180000000000074323, 	 150.08732580008830836960, 	 146.14685713363039099022, 	 142.22328135496906043045
6.31289999999999995595, 	 153.97197874296941222383, 	 149.98070388857354373613, 	 146.00515458128955970096
6.31400000000000005684, 	 157.84318362211337216650, 	 153.80477254554136834486, 	 149.78085494971946900478
6.31510000000000015774, 	 161.69837464634599655255, 	 157.61621933874735645986, 	 153.54734812265925825159
6.31620000000000025864, 	 165.53539369189624608225, 	 161.41261865378044149111, 	 157.30200755506871246325
6.31730000000000035953, 	 169.35255762488856134951, 	 165.19204823133253512424, 	 161.04271437136114286659
6.31840000000000046043, 	 173.14865737501636999696, 	 168.95309982973967066755, 	 164.76787987189018735990
6.31950000000000056133, 	 176.92290348732018401279, 	 172.69482976378068883605, 	 168.47640391308274843141
6.32060000000000066223, 	 180.67483548924124647783, 	 176.41666730798365847477, 	 172.16758697231557562191
6.32169999999999987494, 	 184.40421301327174319340, 	 180.11830025796120935411, 	 175.84101574072042240005
6.32279999999999997584, 	 188.11090538225690238505, 	 183.79955606793902234131, 	 179.49644160082513622001
6.32390000000000007674, 	 191.79479351954876165109, 	 187.46029416345928098053, 	 183.13366862307489668638
6.32500000000000017764, 	 195.45569392878894632304, 	 191.10032061367812161734, 	 186.75246308802238104363
6.32610000000000027853, 	 199.09330975677877972885, 	 194.71933138571358767877, 	 190.35249183183881882542
6.32720000000000037943, 	 202.70720993766809669978, 	 198.31688575391424933514, 	 193.93329107482833251197
6.32830000000000048033, 	 206.29683231199513215870, 	 201.89240566769902329725, 	 197.49426172716357541503
6.32940000000000058122, 	 209.86150436479587710892, 	 205.44519474647219681174, 	 201.03468527974476387499
6.33050000000000068212, 	 213.40047430908160208674, 	 208.97446920133373282624, 	 204.55375253728848861101
6.33159999999999989484, 	 216.91294532999535249473, 	 212.47939297859224438980, 	 208.05059740300939097324
6.33269999999999999574, 	 220.39810700420895273055, 	 215.95911063237937810300, 	 211.52432911375589696945
6.33380000000000009663, 	 223.85515982284803726543, 	 219.41277343852513581623, 	 214.97405831320833158316
6.33490000000000019753, 	 227.28333088387481097925, 	 222.83955651907970718639, 	 218.39891458321525874453
6.33600000000000029843, 	 230.68188074256843833609, 	 226.23866679369933763155, 	 221.79805509020090426020
6.33710000000000039933, 	 234.05010286841945799097, 	 229.60934315899373814318, 	 225.17066560979677092291
6.33820000000000050022, 	 237.38731796302968746204, 	 232.95085115828362631873, 	 228.51595604331379263385
6.33930000000000060112, 	 240.69286580612450165972, 	 236.26247502139432299373, 	 231.83315339697125523344
6.34040000000000070202, 	 243.96609697738460909022, 	 239.54350934125619687620, 	 235.12149405557744330508
6.34149999999999991473, 	 247.20636582715010831635, 	 242.79325192499433683224, 	 238.38021709879714649105
6.34260000000000001563, 	 250.41302572926815628307, 	 246.01099895604133394045, 	 241.60855979443778096538
6.34370000000000011653, 	 253.58542697890487715995, 	 249.19604289585149103914, 	 244.80575574332004862299
6.34480000000000021743, 	 256.72291717083555795398, 	 252.34767298193150963925, 	 247.97103555087156223635
6.34590000000000031832, 	 259.82484347518453660086, 	 255.46517771857926959456, 	 251.10362942573740951957
6.34700000000000041922, 	 262.89055598262939383858, 	 258.54784850535145324102, 	 254.20277091552446790956
6.34810000000000052012, 	 265.91941147237196219066, 	 261.59498377538227487094, 	 257.26770119719151352911
6.34920000000000062101, 	 268.91077684547263970671, 	 264.60589271838949798621, 	 260.29767283148356682432
6.35030000000000072191, 	 271.86403164139341015471, 	 267.57989805215811429662, 	 263.29195261203432210095
6.35139999999999993463, 	 274.77856945581828540526, 	 270.51633761026465663235, 	 266.24982319798323260329
6.35250000000000003553, 	 277.65379824624528737331, 	 273.41456475666507230926, 	 269.17058362594974596504
6.35360000000000013642, 	 280.48913982331936267656, 	 276.27394790903900911871, 	 272.05354886688252236127
6.35470000000000023732, 	 283.28402864104668879008, 	 279.09386924455588996352, 	 274.89804849478980486310
6.35580000000000033822, 	 286.03791023478044053263, 	 281.87372305274516293139, 	 277.70342507076355786921
6.35690000000000043912, 	 288.75023969811860524715, 	 284.61291408702248872942, 	 280.46903245684660532788
6.35800000000000054001, 	 291.42048038669611287332, 	 287.31085615184690595925, 	 283.19423438080730193178
6.35910000000000064091, 	 294.04810303738219090519, 	 289.96697112640111981818, 	 285.87840343439000889703
6.36020000000000074181, 	 296.63258537874810372159, 	 292.58068851963963652452, 	 288.52092061777966591762
6.36129999999999995453, 	 299.17341222831214508915, 	 295.15144555621037625315, 	 291.12117543031087052441
6.36240000000000005542, 	 301.67007599954331453773, 	 297.67868771565571250903, 	 293.67856643297830032679
6.36350000000000015632, 	 304.12207750033473985241, 	 300.16186960168010955385, 	 296.19250216180142842859
6.36460000000000025722, 	 306.52892689103020984476, 	 302.60045600136965049387, 	 298.66240225192990465075
6.36570000000000035811, 	 308.89014468094450194258, 	 304.99392300451643222914, 	 301.08769864114935899124
6.36680000000000045901, 	 311.20526265813077770872, 	 307.34175906107196851735, 	 303.46783671489527023368
6.36790000000000055991, 	 313.47382466377905529953, 	 309.64346587818755551780, 	 305.80227629369892383693
6.36900000000000066080, 	 315.69538716769341135659, 	 311.89855910687202822373, 	 308.09049240990566431719
6.37009999999999987352, 	 317.86951963937804066518, 	 314.10656880823506753586, 	 310.33197585872159152132
6.37119999999999997442, 	 319.99580473247084455579, 	 316.26703971276094762288, 	 312.52623353080866763776
6.37230000000000007532, 	 322.07383831569995891186, 	 318.37953130565335868596, 	 314.67278855803630221999
6.37340000000000017621, 	 324.10322939473024916879, 	 320.44361778484608294093, 	 316.77118031914301354846
6.37450000000000027711, 	 326.08359997216592773839, 	 322.45888794163295187900, 	 318.82096435413251356294
6.37560000000000037801, 	 328.01458488288199077942, 	 324.42494500294520776151, 	 320.82171222625174777932
6.37670000000000047891, 	 329.89583163490505057780, 	 326.34140647064322138249, 	 322.77301137146230303188
6.37780000000000057980, 	 331.72700027766649100158, 	 328.20790398225460648973, 	 324.67446496059955052260
6.37890000000000068070, 	 333.50776330762909083205, 	 330.02408320574011213466, 	 326.52569178908242975012
6.37999999999999989342, 	 335.23780561218796947287, 	 331.78960377078072951917, 	 328.32632619814864938235
6.38109999999999999432, 	 336.91682444511519634034, 	 333.50413923057209331091, 	 330.07601802276229818744
6.38220000000000009521, 	 338.54452942232478562801, 	 335.16737704317210955196, 	 331.77443255639707331284
6.38330000000000019611, 	 340.12064252575964928837, 	 336.77901856021139792574, 	 333.42125052150834108033
6.38440000000000029701, 	 341.64489810479136622234, 	 338.33877901220807871141, 	 335.01616803562058066746
6.38550000000000039790, 	 343.11704286750534720341, 	 339.84638748262926810639, 	 336.55889656552523092614
6.38660000000000049880, 	 344.53683585762530583452, 	 341.30158686624946540178, 	 338.04916286524814950099
6.38770000000000059970, 	 345.90404841596580354235, 	 342.70413381057971946575, 	 339.48670889653027415989
6.38880000000000070060, 	 347.21846412775744283863, 	 344.05379864171021608854, 	 340.87129173306919938113
6.38989999999999991331, 	 348.47987875874378005392, 	 345.35036527756767554820, 	 342.20268345142255839164
6.39100000000000001421, 	 349.68810018361040192758, 	 346.59363113232450359646, 	 343.48067101222369501556
6.39210000000000011511, 	 350.84294831011612814109, 	 347.78340701548160041057, 	 344.70505613509556042118
6.39320000000000021600, 	 351.94425500137685958180, 	 348.91951702816646729843, 	 345.87565516965548795270
6.39430000000000031690, 	 352.99186399751795306656, 	 350.00179845788909460680, 	 346.99229896374231429945
6.39540000000000041780, 	 353.98563083670234163947, 	 351.03010167172766387012, 	 348.05483272876006139995
6.39650000000000051870, 	 354.92542277461444655273, 	 352.00429000694748538081, 	 349.06311590111613440968
6.39760000000000061959, 	 355.81111870094946425525, 	 352.92423965743472535905, 	 350.01702199766015155546
6.39870000000000072049, 	 356.64260902669622055328, 	 353.78983949962355382013, 	 350.91643833807768260158
6.39979999999999993321, 	 357.41979529161193340769, 	 354.60099052897373894666, 	 351.76126526254716964104
6.40090000000000003411, 	 358.14258964896856696214, 	 355.35760535563599660236, 	 352.55141581173165832297
6.40200000000000013500, 	 358.81091502736637721682, 	 356.05960853816105782244, 	 353.28681632732030948318
6.40310000000000023590, 	 359.42470586163426560233, 	 356.70693742656948188596, 	 353.96740734404306749639
6.40420000000000033680, 	 359.98390881530229989949, 	 357.29954288430423048339, 	 354.59314417985109457732
6.40530000000000043769, 	 360.48848303338286314101, 	 357.83738944023798467242, 	 355.16399687367112392167
6.40640000000000053859, 	 360.93839976358322019223, 	 358.32045475092439801301, 	 355.67994944238762400346
6.40750000000000063949, 	 361.33364147709681901688, 	 358.74872855287037509697, 	 356.14099869270819453959
6.40860000000000074039, 	 361.67420079499186158500, 	 359.12221144897614522051, 	 356.54715294597616548344
6.40969999999999995310, 	 361.96007954927443961424, 	 359.44091387769907441907, 	 356.89843100665228803337
6.41080000000000005400, 	 362.19128821008496288414, 	 359.70485549750401332858, 	 357.19486157497470912858
6.41190000000000015490, 	 362.36784504619714653018, 	 359.91406334967211932963, 	 357.43647897671121427265
6.41300000000000025580, 	 362.48976693926744019336, 	 360.06855927171329767589, 	 357.62330768519592538723
6.41410000000000035669, 	 362.55706936647237625948, 	 360.16836688112255160377, 	 357.75538253021198897841
6.41520000000000045759, 	 362.56978486034336128796, 	 360.21353087927531078094, 	 357.83276360731906606816
6.41630000000000055849, 	 362.52796957789979614972, 	 360.20412134511428803307, 	 357.85553650058540142709
6.41740000000000065938, 	 362.43170171027827564103, 	 360.14023157965846166917, 	 357.82380982701431548776
6.41849999999999987210, 	 362.28107725067900446447, 	 360.02197355793163069393, 	 357.73771082026627254891
6.41959999999999997300, 	 362.07620512400109191731, 	 359.84947287124731474250, 	 357.59738066087254537706
6.42070000000000007390, 	 361.81720327274626924918, 	 359.62286465418014813622, 	 357.40297048590213080388
6.42180000000000017479, 	 361.50419502189765807998, 	 359.34228920270550133864, 	 357.15463612205411436662
6.42290000000000027569, 	 361.13730503646428360298, 	 359.00788722756527704405, 	 356.85253287196417204541
6.42400000000000037659, 	 360.71665639336129061121, 	 358.61979669312052010355, 	 356.49681257493341490772
6.42510000000000047748, 	 360.24237023629768827959, 	 358.17815273400299247442, 	 356.08762417738068961626
6.42620000000000057838, 	 359.71456843835596828285, 	 357.68309088916532800795, 	 355.62511761219298023207
6.42730000000000067928, 	 359.13337823245694835350, 	 357.13475226063178524782, 	 355.10944917313054247643
6.42839999999999989200, 	 358.49893790980701169246, 	 356.53329092682292866812, 	 354.54079212926455966226
6.42949999999999999289, 	 357.81140985904767148895, 	 355.87888815202109071834, 	 353.91934721350480685942
6.43060000000000009379, 	 357.07096729591427219930, 	 355.17172980891666611569, 	 353.24530953672035593627
6.43170000000000019469, 	 356.27778241614362286782, 	 354.41200109513636107295, 	 352.51887688840139389868
6.43280000000000029559, 	 355.43203169344371872285, 	 353.59989278422790448531, 	 351.74025501699566120806
6.43390000000000039648, 	 354.53388483317036161679, 	 352.73560477424717873873, 	 350.90967764042642329514
6.43500000000000049738, 	 353.58357961802619229275, 	 351.81935114912096196349, 	 350.02733335131176772848
6.43610000000000059828, 	 352.58132352709401402535, 	 350.85135941220784161487, 	 349.09346987805827211560
6.43720000000000069917, 	 351.52733276796038808243, 	 349.83186877105185885739, 	 348.10834926302339908943
6.43829999999999991189, 	 350.42183496267335840457, 	 348.76112816110207859310, 	 347.07224136505953993037
6.43940000000000001279, 	 349.26506699591271853933, 	 347.63939439789027119332, 	 345.98542245456326327258
6.44050000000000011369, 	 348.05727312820073393596, 	 346.46693053212823087961, 	 344.84817386077037326686
6.44160000000000021458, 	 346.79870332607924865442, 	 345.24400422424679391042, 	 343.66078038552791440452
6.44270000000000031548, 	 345.48961168178044545130, 	 343.97088609043822771127, 	 342.42352860019724403173
6.44380000000000041638, 	 344.13025352873364681727, 	 342.64784475836847832397, 	 341.13669743178274984530
6.44490000000000051728, 	 342.72087347613569363602, 	 341.27513442582682046122, 	 339.80055086870129343879
6.44600000000000061817, 	 341.26172048784337675897, 	 339.85301919522271418828, 	 338.41537261675892978019
6.44710000000000071907, 	 339.75306468494420641946, 	 338.38178557776041088800, 	 336.98146785411836390267
6.44819999999999993179, 	 338.19519540951739600132, 	 336.86173804815837229398, 	 335.49915553310233917728
6.44930000000000003268, 	 336.58841080071499618498, 	 335.29318713670858187470, 	 333.96875597658146261892
6.45040000000000013358, 	 334.93300658934651892196, 	 333.67643793146453390364, 	 332.39058087671412522468
6.45150000000000023448, 	 333.22927077808458307118, 	 332.01178597216988919172, 	 330.76493209255784222478
6.45260000000000033538, 	 331.47748609400724717489, 	 330.29952079885703142281, 	 329.09210637190636816740
6.45370000000000043627, 	 329.67793609243182118007, 	 328.53993264766000947930, 	 327.37240203526806681111
6.45480000000000053717, 	 327.83091161873835517326, 	 326.73331932475628036627, 	 325.60612564065644392031
6.45590000000000063807, 	 325.94017009415694019481, 	 324.88065749953028671371, 	 323.79371778997108322073
6.45700000000000073896, 	 324.00727685004363820553, 	 322.98327476878125708026, 	 321.93515968692230444503
6.45809999999999995168, 	 322.02945628914869757864, 	 321.04020941441785907955, 	 320.03031752685024002858
6.45920000000000005258, 	 320.00533123539293001159, 	 319.05055268146799107853, 	 318.07873294882767822855
6.46030000000000015348, 	 317.93425068002659372723, 	 317.01389911229898643796, 	 316.08027190408057549575
6.46140000000000025437, 	 315.81619339054037709502, 	 314.93036856647211152449, 	 314.03519839780904021609
6.46250000000000035527, 	 313.65158041712459180417, 	 312.80047365569788553330, 	 311.94408867882509639458
6.46360000000000045617, 	 311.44107504706130384875, 	 310.62494539736866272506, 	 309.80769666447611143667
6.46470000000000055707, 	 309.18543056135689539587, 	 308.40460186670571829382, 	 307.62686352382672794192
6.46580000000000065796, 	 306.88533954858922925268, 	 306.14012935561015638086, 	 305.40218098414840142141
6.46689999999999987068, 	 304.54126998256714387026, 	 303.83202705756667683090, 	 303.13420568749251060581
6.46799999999999997158, 	 302.15368059252290322547, 	 301.48076637878023120720, 	 300.82339599806391561287
6.46910000000000007248, 	 299.72288538766787269196, 	 299.08663354458258254454, 	 298.47000029936856435597
6.47020000000000017337, 	 297.24907967531601116207, 	 296.64980143170981818912, 	 296.07419337564624584047
6.47130000000000027427, 	 294.73263884542058121951, 	 294.17066522329372446620, 	 293.63631214381609879638
6.47240000000000037517, 	 292.17320837981270642558, 	 291.65132882951530746141, 	 291.15924182518563156918
6.47350000000000047606, 	 289.55401905979698540250, 	 289.08105975783502117338, 	 288.64106535795696117930
6.47460000000000057696, 	 286.87603442165101341743, 	 286.45390603977000409941, 	 286.07073913620513394562
6.47570000000000067786, 	 284.14275552950789460738, 	 283.77162001493854859291, 	 283.44751233891707897783
6.47679999999999989058, 	 281.35863263020831936956, 	 281.03802039066033557901, 	 280.77384578443087548294
6.47789999999999999147, 	 278.52844942995659494045, 	 278.26356768104329830749, 	 278.06705063037583158803
6.47900000000000009237, 	 275.66401229906858816321, 	 275.45900177912585604645, 	 275.33469777154317625900
6.48010000000000019327, 	 272.77033505452578765471, 	 272.62834613510102599321, 	 272.57915497542592220270
6.48120000000000029416, 	 269.84858531446514007257, 	 269.77221787716791823186, 	 269.80016047657022681960
6.48230000000000039506, 	 266.89810265755107820951, 	 266.88908563716535127242, 	 266.99534231749731816308
6.48340000000000049596, 	 263.91249741580679710751, 	 263.97548055443104431106, 	 264.16245633599794473412
6.48450000000000059686, 	 260.89024238190160076556, 	 261.03294330701055514510, 	 261.29693196456588566434
6.48560000000000069775, 	 257.83589100555144568716, 	 258.06094650028825299160, 	 258.40077387120953744670
6.48669999999999991047, 	 254.74938736919042980844, 	 255.05872051012687506955, 	 255.47404310772577673561
6.48780000000000001137, 	 251.63124897357184295288, 	 252.02476550891006468191, 	 252.51444623542676026773
6.48890000000000011227, 	 248.49595290368480959842, 	 248.96583295792345325026, 	 249.52318197396135701638
6.49000000000000021316, 	 245.34409275253145210627, 	 245.88720615747075726176, 	 246.50891703091966178363
6.49110000000000031406, 	 242.17397017271065351451, 	 242.78890570803011428325, 	 243.47308561990533348762
6.49220000000000041496, 	 238.97964799633618326880, 	 239.65928399411203031377, 	 240.39993365310891704212
6.49330000000000051585, 	 235.74785465221367530830, 	 236.48856171685685012562, 	 237.28459639339604336783
6.49440000000000061675, 	 232.47341794405494397324, 	 233.27360645690106366601, 	 234.12532955690119251813
6.49550000000000071765, 	 229.15420959708285408851, 	 230.01282742536483283402, 	 230.92067980909112634436
6.49659999999999993037, 	 225.79020289760313744409, 	 226.70640001696716581137, 	 227.67072490440207843676
6.49770000000000003126, 	 222.38302526085837484970, 	 223.35602849573464823152, 	 224.37697340927587674742
6.49880000000000013216, 	 218.93539154252925982291, 	 219.96448577847598926382, 	 221.04198842944791181253
6.49990000000000023306, 	 215.45053625928133556044, 	 216.53510025772652625164, 	 217.66894749189742697126
6.50100000000000033396, 	 211.93349916588451264943, 	 213.07400163850979879498, 	 214.26348469626330484061
6.50210000000000043485, 	 208.38895543897100992581, 	 209.58471371329397925365, 	 210.82849062355853675399
6.50320000000000053575, 	 204.81849626880176629129, 	 206.06910922601716151803, 	 207.36639912350483427872
6.50430000000000063665, 	 201.22337550039307529914, 	 202.52878579205423648091, 	 203.87923298677392835998
6.50540000000000073754, 	 197.60437547871521246634, 	 198.96475678425537125804, 	 200.36824475221590091678
6.50649999999999995026, 	 193.96172272595714503041, 	 195.37737827080212582587, 	 196.83395391173351640646
6.50760000000000005116, 	 190.29534074800130838412, 	 191.76670888403077697149, 	 193.27664475261593679534
6.50870000000000015206, 	 186.60501600154876200577, 	 188.13252242597349095377, 	 189.69605731545519233805
6.50980000000000025295, 	 182.89018511041396664041, 	 184.47413370081429206948, 	 186.09140596686589219644
6.51090000000000035385, 	 179.15011182392314026401, 	 180.79068103699486869118, 	 182.46178716291760224522
6.51200000000000045475, 	 175.38419779929967035059, 	 177.08147329927760438295, 	 178.80651919072857936044
6.51310000000000055564, 	 171.59221751197065941597, 	 173.34623201161227257217, 	 175.12535241408005504127
6.51420000000000065654, 	 167.77441475888400645999, 	 169.58517868232956971042, 	 171.41852413685185752001
6.51529999999999986926, 	 163.93145743814909565117, 	 165.79897340453172205343, 	 167.68667798685197567465
6.51639999999999997016, 	 160.06429732441438318347, 	 161.98856194627663285246, 	 163.93071164645635917623
6.51750000000000007105, 	 156.17399916529015513333, 	 158.15499778446988443648, 	 160.15161110550542389319
6.51860000000000017195, 	 152.26159136791318360338, 	 154.29929127543408640122, 	 156.35031629469779090869
6.51970000000000027285, 	 148.32796971561157306496, 	 150.42231538642701593744, 	 152.52764025909579004292
6.52080000000000037375, 	 144.37385780281070424280, 	 146.52476708728755738775, 	 148.68423501382144991112
6.52190000000000047464, 	 140.39981703899351828113, 	 142.60718148038893104967, 	 144.82061006879970932459
6.52300000000000057554, 	 136.40629224735766911181, 	 138.66997855252449767249, 	 140.93717378858133315589
6.52410000000000067644, 	 132.39366685831222980596, 	 134.71351849462354266507, 	 137.03428238515712678236
6.52519999999999988916, 	 128.36231444378753963065, 	 130.73815330993406291782, 	 133.11228621317417264436
6.52629999999999999005, 	 124.31263842176672085316, 	 126.74426670460758259651, 	 129.17156616892850706790
6.52740000000000009095, 	 120.24509676503542721093, 	 122.73229921909626227716, 	 125.21255736549495907184
6.52850000000000019185, 	 116.16021236105925140691, 	 118.70275915663387422683, 	 121.23576020289985422096
6.52960000000000029274, 	 112.05857174092037098490, 	 114.65622179952761428012, 	 117.24174059375584988629
6.53070000000000039364, 	 107.94081558751230431881, 	 110.59332009177636280128, 	 113.23112183624479598620
6.53180000000000049454, 	 103.80762432415534135544, 	 106.51472995464267512489, 	 109.20457084591600960266
6.53290000000000059543, 	 99.65970164401460351655, 	 102.42115310072442468936, 	 105.16278143085858687300
6.53400000000000069633, 	 95.49775833664932633837, 	 98.31329983403017536148, 	 101.10645713251447830316
6.53509999999999990905, 	 91.32249902214542203183, 	 94.19187563041823807453, 	 97.03629968761458712834
6.53620000000000000995, 	 87.13461341460191533770, 	 90.05756791445152487086, 	 92.95298584043061396187
6.53730000000000011084, 	 82.93479765477302123600, 	 85.91148092621621401577, 	 88.85946686586929388341
6.53840000000000021174, 	 78.72326081765139349500, 	 81.75456694321201212006, 	 84.75657370134443624465
6.53950000000000031264, 	 74.49998180271761327731, 	 77.58636886756575279378, 	 80.64297123307933645719
6.54060000000000041354, 	 70.26487385623678960656, 	 73.40653189396161337754, 	 76.51803185785887251313
6.54170000000000051443, 	 66.01815325137791035104, 	 69.21506363967328923081, 	 72.38156815548175870845
6.54280000000000061533, 	 61.76038059333759377978, 	 65.01237577841007464485, 	 68.23384525400147992968
6.54390000000000071623, 	 57.49240733725040541913, 	 60.79922204676254438027, 	 64.07550443850544752422
6.54499999999999992895, 	 53.21527664877633156948, 	 56.57658864565544831748, 	 59.90744799439196555113
6.54610000000000002984, 	 48.93011773442174217053, 	 52.34557897746368126946, 	 55.73072199837645968046
6.54720000000000013074, 	 44.63805742796586883969, 	 48.10731634923623545319, 	 51.54641635468424709643
6.54830000000000023164, 	 40.34015795825234818039, 	 43.86287330835264697271, 	 47.35558933870606068695
6.54940000000000033253, 	 36.03738059544780014676, 	 39.61322756634756814265, 	 43.15921724293532690808
6.55050000000000043343, 	 31.73057092924749866825, 	 35.35924083612972879109, 	 38.95816684156810083550
6.55160000000000053433, 	 27.42046083311006654526, 	 31.10165618587219427127, 	 34.75318751460146415866
6.55270000000000063523, 	 23.10768272735607098411, 	 26.84110979934421692406, 	 30.54491957679485025778
6.55380000000000073612, 	 18.79279231541956107776, 	 22.57815322386811374145, 	 26.33391492542762790663
6.55489999999999994884, 	 14.47629611580745034871, 	 18.31328200976347631013, 	 22.12066551085019128209
6.55600000000000004974, 	 10.56680750561768178386, 	 14.24768472047345824194, 	 18.00534281740356590262
6.55710000000000015064, 	 7.57125776926472937589, 	 10.95220550561021433111, 	 14.51762622513149736392
6.55820000000000025153, 	 5.52893816912277991094, 	 8.59179605273207158689, 	 11.90278473150368121480
6.55930000000000035243, 	 4.37304093366287816025, 	 7.13973993802724216096, 	 10.17123607096391246785
6.56040000000000045333, 	 3.93815794552258813255, 	 6.45077796334240005649, 	 9.20669349181571838869
6.56150000000000055422, 	 4.01347544223632812788, 	 6.32140358447012484788, 	 8.82651513052972092055
6.56260000000000065512, 	 4.38728407131880970837, 	 6.53863995179720802753, 	 8.83007741324261985483
6.56370000000000075602, 	 4.87697219316259200639, 	 6.91304858236706731844, 	 9.03211987770356117267
6.56479999999999996874, 	 5.34430396027415177684, 	 7.29664366133415587257, 	 9.28250699833892767288
6.56590000000000006963, 	 5.70010394601604453158, 	 7.58971203482767542425, 	 9.47513683694450570272
6.56700000000000017053, 	 5.89959208867515982888, 	 7.73828987950147251240, 	 9.54805121658930922024
6.56810000000000027143, 	 5.93400270059577295001, 	 7.72653040313476591194, 	 9.47747068634067701964
6.56920000000000037232, 	 5.82144998107989408709, 	 7.56690535600943992023, 	 9.26812373045231474578
6.57030000000000047322, 	 5.59555790192265067873, 	 7.28991820854672933905, 	 8.94464465068015002203
6.57140000000000057412, 	 5.29624382845658736585, 	 6.93450207429907194978, 	 8.54214582810611489094
6.57250000000000067502, 	 4.96250787112790092692, 	 6.54019658535872761007, 	 8.09809895520379008360
6.57359999999999988773, 	 4.62717694903753606894, 	 6.14113830050247244685, 	 7.64578804383211263485
6.57469999999999998863, 	 4.31367561291769430198, 	 5.76221432591025983783, 	 7.21000622543475522264
6.57580000000000008953, 	 4.03451084474808929770, 	 5.41752422346484063809, 	 6.80558704476905695913
6.57690000000000019043, 	 3.79281478817174511065, 	 5.11098011013223096910, 	 6.43703693125017739618
6.57800000000000029132, 	 3.58416127459086020224, 	 4.83851058732741368118, 	 6.10101287991052565474
6.57910000000000039222, 	 3.39954993660753546081, 	 4.59117575266405797407, 	 5.78938098432449788078
6.58020000000000049312, 	 3.22852483863980310730, 	 4.35843532829248836435, 	 5.49241694035964567178
6.58130000000000059401, 	 3.06180901780176872862, 	 4.13092659320554922431, 	 5.20152557408266513761
6.58240000000000069491, 	 2.89306804405127815372, 	 3.90233322246930613986, 	 4.91106486428045396764
6.58349999999999990763, 	 2.71966548082693915234, 	 3.67019448586285479408, 	 4.61912981147023771200
6.58460000000000000853, 	 2.54250174970689002407, 	 3.43574930351581864230, 	 4.32739543264089654429
6.58570000000000010942, 	 2.36518741998364090406, 	 3.20307325262525788290, 	 4.04026191394901168508
6.58680000000000021032, 	 2.19285132920330561035, 	 2.97782605011435608233, 	 3.76362701499404250782
6.58790000000000031122, 	 2.03091990679673184417, 	 2.76596899421039177369, 	 3.50363410715176204491
6.58900000000000041211, 	 1.88409946181885756822, 	 2.57268532841639530062, 	 3.26560900887353300348
6.59010000000000051301, 	 1.75569316139594078230, 	 2.40164866174825908374, 	 3.05333576504808057450
6.59120000000000061391, 	 1.64729501707805070509, 	 2.25468663087492915409, 	 2.86871856460162932834
6.59230000000000071481, 	 1.55882494309123664777, 	 2.13180591492683912946, 	 2.71180105291754403041
6.59339999999999992752, 	 1.48882293364418538673, 	 2.03149497800954881299, 	 2.58106089772517321990
6.59450000000000002842, 	 1.43488297276681997516, 	 1.95117556252559976038, 	 2.47384997643915571786
6.59560000000000012932, 	 1.39412544129758964040, 	 1.88770692311738041980, 	 2.38690279815055683699
6.59670000000000023022, 	 1.36363814964376883765, 	 1.83786365727565459416, 	 2.31682429046358917546
6.59780000000000033111, 	 1.34082842108099842271, 	 1.79872293947630912392, 	 2.26048920942141640111
6.59890000000000043201, 	 1.32365038521360078860, 	 1.76792022398472692402, 	 2.21531088363168970901
6.60000000000000053291, 	 1.31070488442617261171, 	 1.74377215488078718408, 	 2.17938225472738755784
6.60110000000000063380, 	 1.30123519369243667576, 	 1.72528729122070512148, 	 2.15150177974542122783
6.60220000000000073470, 	 1.29504012298569759487, 	 1.71208384984614458979, 	 2.13110020310203251981
6.60329999999999994742, 	 1.29233376647050701713, 	 1.70424718328575419690, 	 2.11810414271419578114
6.60440000000000004832, 	 1.29358499658339098914, 	 1.70216180173661135733, 	 2.11277019051185099840
6.60550000000000014921, 	 1.29936339517657573062, 	 1.70634667585653354571, 	 2.11551876835482710604
6.60660000000000025011, 	 1.31021132112894944655, 	 1.71731576935783025739, 	 2.12679067979332359073
6.60770000000000035101, 	 1.32655269275037701604, 	 1.73547559242007531921, 	 2.14693844601367578306
6.60880000000000045191, 	 1.34864165125805346435, 	 1.76106551855422011066, 	 2.17616247970768750264
6.60990000000000055280, 	 1.37655529472337367913, 	 1.79414592875815159800, 	 2.21449391622526503554
6.61100000000000065370, 	 1.41020548858965111272, 	 1.83460051946996016703, 	 2.26178305391135037183
6.61210000000000075460, 	 1.44936294469566973042, 	 1.88216067842296874701, 	 2.31772623231854879577
6.61319999999999996732, 	 1.49370401181953615932, 	 1.93645514253596062737, 	 2.38191592038730970415
6.61430000000000006821, 	 1.54286284174498411481, 	 1.99706448625464072499, 	 2.45389384540846267058
6.61540000000000016911, 	 1.59647921256382363531, 	 2.06357315254032380736, 	 2.53320494823361386239
6.61650000000000027001, 	 1.65423631304251372853, 	 2.13560931761452454936, 	 2.61943498048598533146
6.61760000000000037090, 	 1.71587836572349505815, 	 2.21286394948368858593, 	 2.71223028869206750358
6.61870000000000047180, 	 1.78121396779107410424, 	 2.29509443230488097143, 	 2.81129951374512287998
6.61980000000000057270, 	 1.85010168687300624590, 	 2.38210547851496912131, 	 2.91639113729438603784
6.62090000000000067359, 	 1.92241737609177354429, 	 2.47372791877815156880, 	 3.02728609789014235787
6.62199999999999988631, 	 1.99804814735010705107, 	 2.56979616591729120856, 	 3.14375975942663599128
6.62309999999999998721, 	 2.07686665374854673161, 	 2.67012713158364922705, 	 3.26556690873659682950
6.62420000000000008811, 	 2.15871594490009011125, 	 2.77450523174832985873, 	 3.39242824123692665594
6.62530000000000018900, 	 2.24340342264917103066, 	 2.88267611863131101302, 	 3.52402486088365130001
6.62640000000000028990, 	 2.33070348133211169284, 	 2.99434987322277024191, 	 3.66000242282249832471
6.62750000000000039080, 	 2.42036729838273245718, 	 3.10921181432854476512, 	 3.79998262075323012255
6.62860000000000049170, 	 2.51213628629908658496, 	 3.22693698067536915985, 	 3.94357774559809248771
6.62970000000000059259, 	 2.60575501230381822992, 	 3.34720377914417666076, 	 4.09040388018623612965
6.63080000000000069349, 	 2.70097624642387490468, 	 3.46969419339933837776, 	 4.24006903474142937682
6.63189999999999990621, 	 2.79753851862159130803, 	 3.59407361586311591140, 	 4.39217165570213818881
6.63300000000000000711, 	 2.89521619540519026259, 	 3.72006162791564687353, 	 4.54638649357122570649
6.63410000000000010800, 	 2.99383496034163565369, 	 3.84742721688483024778, 	 4.70242511516778982639
6.63520000000000020890, 	 3.09324184853146144647, 	 3.97595826927035833620, 	 4.86001157764954072604
6.63630000000000030980, 	 3.19328297742184075148, 	 4.10544070195456800576, 	 5.01886682175745146850
6.63740000000000041069, 	 3.29379283640880782258, 	 4.23564899061091804100, 	 5.17870231335976427545
6.63850000000000051159, 	 3.39459352901899746868, 	 4.36634642268621675498, 	 5.33922174862201792678
6.63960000000000061249, 	 3.49550034986015711880, 	 4.49729135334224672249, 	 5.50012751691583634539
6.64070000000000071338, 	 3.59632967110361345675, 	 4.62824546196720554292, 	 5.66112847983802502938
6.64179999999999992610, 	 3.69690598002620518514, 	 4.75898090907206761102, 	 5.82194642367257308990
6.64290000000000002700, 	 3.79706628760091646768, 	 4.88928468824631234924, 	 5.98231977142850723794
6.64400000000000012790, 	 3.89666144149862958557, 	 5.01895979111962819985, 	 6.14200436102958047258
6.64510000000000022879, 	 3.99555507331688142258, 	 5.14782410985823002392, 	 6.30077245999713575486
6.64620000000000032969, 	 4.09362167115788810889, 	 5.27570851775434590536, 	 6.45841099416079700291
6.64730000000000043059, 	 4.19074390922111383873, 	 5.40245385666150301773, 	 6.61471821756540023785
6.64840000000000053149, 	 4.28680971649646025412, 	 5.52790821604095583552, 	 6.76950219187806911947
6.64950000000000063238, 	 4.38171469082440712128, 	 5.65193092423402543290, 	 6.92258626132041765544
6.65060000000000073328, 	 4.47536020132316902931, 	 5.77438678442763198007, 	 7.07379670624534373502
6.65169999999999994600, 	 4.56764456512297289947, 	 5.89513756094243035477, 	 7.22295727480394678111
6.65280000000000004690, 	 4.65846178024365897841, 	 6.01404189071777039999, 	 7.36989097841092277719
6.65390000000000014779, 	 4.74770477027674253634, 	 6.13095897826281888143, 	 7.51442394105202726706
6.65500000000000024869, 	 4.83526964473138143319, 	 6.24575299332599076507, 	 7.65638941340835099680
6.65610000000000034959, 	 4.92105909147462750042, 	 6.35829643392808385727, 	 7.79563064626367108190
6.65720000000000045048, 	 5.00498406811756080259, 	 6.46847169791482734524, 	 7.93200207361775877501
6.65830000000000055138, 	 5.08696386917017218110, 	 6.57617105227606124629, 	 8.06536914520859937738
6.65940000000000065228, 	 5.16692521519771919003, 	 6.68129568373712956486, 	 8.19560744604481428155
6.66050000000000075318, 	 5.24480108906733466512, 	 6.78375456438861057507, 	 8.32260175620742259639
6.66159999999999996589, 	 5.32052986538361949442, 	 6.88346365840663665381, 	 8.44624547717547180525
6.66270000000000006679, 	 5.39405496881668433673, 	 6.98034567428156282887, 	 8.56644055573144314053
6.66380000000000016769, 	 5.46532501799181691382, 	 7.07433029223771381311, 	 8.68309780452005952611
6.66490000000000026859, 	 5.53429424169106987108, 	 7.16535462852886695373, 	 8.79613736913258925654
6.66600000000000036948, 	 5.60092294919621735971, 	 7.25336377345796901039, 	 8.90548933500015138520
6.66710000000000047038, 	 5.66517812302758994036, 	 7.33831145995901312773, 	 9.01109440050751864248
6.66820000000000057128, 	 5.72703364873513098843, 	 7.42016016889179752525, 	 9.11290370500432267420
6.66930000000000067217, 	 5.78646978346907037150, 	 7.49888041864318033447, 	 9.21087790230795810942
6.67039999999999988489, 	 5.84347213699446310642, 	 7.57444959589766320107, 	 9.30498590102754796760
6.67149999999999998579, 	 5.89803061962897068327, 	 7.64685082395000481625, 	 9.39520376759331554695
6.67260000000000008669, 	 5.95013874468439407650, 	 7.71607224101878585998, 	 9.48151407486805730684
6.67370000000000018758, 	 5.99979343770312034678, 	 7.78210683369475120230, 	 9.56390581681132623260
6.67480000000000028848, 	 6.04699530967818343896, 	 7.84495273746078503052, 	 9.64237472018575481059
6.67590000000000038938, 	 6.09174911203191626896, 	 7.90461367803832004597, 	 9.71692360451048564585
6.67700000000000049027, 	 6.13406409343929404088, 	 7.96109929476387545577, 	 9.78756261642158875702
6.67810000000000059117, 	 6.17395415294811300555, 	 8.01442524279114465457, 	 9.85430923434940808647
6.67920000000000069207, 	 6.21143772278769290551, 	 8.06461300052154683726, 	 9.91718797412697838922
6.68029999999999990479, 	 6.24653740361126530445, 	 8.11168942080868049516, 	 9.97622985941342932392
6.68140000000000000568, 	 6.27927944570463036911, 	 8.15568611409192456563, 	 10.03147171098634160558
6.68250000000000010658, 	 6.30969311749800532141, 	 8.19663871588115888756, 	 10.08295535823271116271
6.68360000000000020748, 	 6.33781024038083984351, 	 8.23458641409393266031, 	 10.13072724269767732608
6.68470000000000030838, 	 6.36366508584810297577, 	 8.26957184216722218650, 	 10.17483831422937434752
6.68580000000000040927, 	 6.38729440942081172494, 	 8.30164104839940009128, 	 10.21534388393536652018
6.68690000000000051017, 	 6.40873738167466822091, 	 8.33084334761474742947, 	 10.25230337649847989212
6.68800000000000061107, 	 6.42803539411554414329, 	 8.35723099764912191745, 	 10.28577979664475350319
6.68910000000000071196, 	 6.44523146956195081003, 	 8.38085844148526959430, 	 10.31583883271176382834
6.69019999999999992468, 	 6.46036974880111181108, 	 8.40178179219580911763, 	 10.34254844538472362103
6.69130000000000002558, 	 6.47349537048490386582, 	 8.42005872166232727238, 	 10.36597879834202728944
6.69240000000000012648, 	 6.48465467195481259921, 	 8.43574871066234344141, 	 10.38620258967579879084
6.69350000000000022737, 	 6.49389573835444799954, 	 8.44891369013157067513, 	 10.40329577786823911367
6.69460000000000032827, 	 6.50126909781172024339, 	 8.45961877963574515604, 	 10.41733828090824864887
6.69570000000000042917, 	 6.50682813971920914753, 	 8.46793263920515926202, 	 10.42841413372236303303
6.69680000000000053006, 	 6.51062885665571311478, 	 8.47392701956353988635, 	 10.43661073831551000524
6.69790000000000063096, 	 6.51272881134070669162, 	 8.47767548744847942999, 	 10.44201734332797926186
6.69900000000000073186, 	 6.51318570229691662377, 	 8.47925180771578901329, 	 10.44472335163660936530
6.70009999999999994458, 	 6.51205611304195031153, 	 8.47872860641802361670, 	 10.44481704394198828822
6.70120000000000004547, 	 6.50939484980128391101, 	 8.47617669499726389404, 	 10.44238499252194962708
6.70230000000000014637, 	 6.50525493737800708516, 	 8.47166509177416848786, 	 10.43751214851345920920
6.70340000000000024727, 	 6.49968815577065761602, 	 8.46526161903292795330, 	 10.43028249006053620462
6.70450000000000034817, 	 6.49274591667797462691, 	 8.45703386085732766730, 	 10.42078001940813614112
6.70560000000000044906, 	 6.48448026756788031832, 	 8.44705025725122382596, 	 10.40908987889831927021
6.70670000000000054996, 	 6.47494475626459653483, 	 8.43538101583565058661, 	 10.39529921856788874379
6.70780000000000065086, 	 6.46419491084096087263, 	 8.42209859589704024074, 	 10.37949761484761879160
6.70890000000000075175, 	 6.45228826561759571945, 	 8.40727770752909897567, 	 10.36177701148242924489
6.70999999999999996447, 	 6.43928399926704742029, 	 8.39099490071393461221, 	 10.34223126365399636484
6.71110000000000006537, 	 6.42524231847779425664, 	 8.37332788334085442727, 	 10.32095541754913092802
6.71220000000000016627, 	 6.41022373058579297833, 	 8.35435471599724976954, 	 10.29804486460205481535
6.71330000000000026716, 	 6.39428832668181712506, 	 8.33415301064304792078, 	 10.27359449346194963937
6.71440000000000036806, 	 6.37749516249059134054, 	 8.31279922661373049664, 	 10.24769793288291275246
6.71550000000000046896, 	 6.35990242650575776651, 	 8.29036809766783022724, 	 10.22044624345854124670
6.71660000000000056986, 	 6.34156428771079916373, 	 8.26693218638660809461, 	 10.19193022723294639320
6.71770000000000067075, 	 6.32253438007155299516, 	 8.24256176066177381756, 	 10.16223668896029863618
6.71879999999999988347, 	 6.30286469785980152380, 	 8.21732475496459535691, 	 10.13144945109239714043
6.71989999999999998437, 	 6.28260527200343954490, 	 8.19128682970440635813, 	 10.09964978642324417990
6.72100000000000008527, 	 6.26180431449899277396, 	 8.16451148062433951225, 	 10.06691648124835047895
6.72210000000000018616, 	 6.24050837759599730248, 	 8.13706017030003181389, 	 10.03332592908689591127
6.72320000000000028706, 	 6.21876250037745492705, 	 8.10899245809967617049, 	 9.99895223574683100765
6.72430000000000038796, 	 6.19661032932364364001, 	 8.08036611171553609267, 	 9.96386731383081603042
6.72540000000000048885, 	 6.17409419613603738242, 	 8.05123717638723945811, 	 9.92814093558764909631
6.72650000000000058975, 	 6.15125514030237763308, 	 8.02165998687440584547, 	 9.89184072864952845805
6.72760000000000069065, 	 6.12813287771664683135, 	 7.99168712614944354300, 	 9.85503212720286114745
6.72869999999999990337, 	 6.10476575376885488566, 	 7.96136938032808316734, 	 9.81777834112587477478
6.72980000000000000426, 	 6.08119073421184097583, 	 7.93075574276466443990, 	 9.78014038417948583515
6.73090000000000010516, 	 6.05744344520016664291, 	 7.89989346654361579425, 	 9.74217713801180273947
6.73200000000000020606, 	 6.03355822032413779965, 	 7.86882811051828667814, 	 9.70394538433412812140
6.73310000000000030695, 	 6.00956809154993010225, 	 7.83760351038580260763, 	 9.66549973957211072673
6.73420000000000040785, 	 5.98550468238232635798, 	 7.80626163658752325603, 	 9.62689246769304496354
6.73530000000000050875, 	 5.96139803529527689818, 	 7.77484240911578972089, 	 9.58817331654929105866
6.73640000000000060965, 	 5.93727650143606577871, 	 7.74338354728831390617, 	 9.54938926681471222935
6.73750000000000071054, 	 5.91316630346580840438, 	 7.71191998253345012415, 	 9.51058379514208951377
6.73859999999999992326, 	 5.88909114864270311074, 	 7.68048352670778733398, 	 9.47179672912614378788
6.73970000000000002416, 	 5.86507235091992118470, 	 7.64910308288664975152, 	 9.43306458200246922274
6.74080000000000012506, 	 5.84112927762456202174, 	 7.61780515669129076883, 	 9.39442109996140395367
6.74190000000000022595, 	 5.81727986592884871442, 	 7.58661440875715964438, 	 9.35589779842096191942
6.74300000000000032685, 	 5.79354102653904057263, 	 7.55555407397570988337, 	 9.31752435090445096932
6.74410000000000042775, 	 5.76992885584890569106, 	 7.52464617721103667947, 	 9.27932878157605500746
6.74520000000000052864, 	 5.74645866244976666337, 	 7.49391155883722426267, 	 9.24133748397879806191
6.74630000000000062954, 	 5.72314486546626355334, 	 7.46336977251660993460, 	 9.20357512814562461756
6.74740000000000073044, 	 5.70000084000337281509, 	 7.43303893336119347879, 	 9.16606452865724108392
6.74849999999999994316, 	 5.67703876865099044124, 	 7.40293557144332226017, 	 9.12882651433179326261
6.74960000000000004405, 	 5.65426952414438854788, 	 7.37307451429486437888, 	 9.09187982059617105790
6.75070000000000014495, 	 5.63170259220102842335, 	 7.34346880770967658236, 	 9.05524101305709550047
6.75180000000000024585, 	 5.60934602595641873535, 	 7.31412966378210160912, 	 9.01892442861265841714
6.75290000000000034674, 	 5.58720641718579802415, 	 7.28506642474158816469, 	 8.98294213178890466054
6.75400000000000044764, 	 5.56528888488706030557, 	 7.25628654760742808350, 	 8.94730389663518899113
6.75510000000000054854, 	 5.54359708344088630838, 	 7.22779561033472894849, 	 8.91201721007440461619
6.75620000000000064944, 	 5.52213322229372849392, 	 7.19959733027821435769, 	 8.87708728780077116483
6.75730000000000075033, 	 5.50089809482705494048, 	 7.17169359642160131330, 	 8.84251711152057673360
6.75839999999999996305, 	 5.47989113068135846873, 	 7.14408453500143192372, 	 8.80830751334083394966
6.75950000000000006395, 	 5.45911049311812668350, 	 7.11676863182875951708, 	 8.77445732861270677461
6.76060000000000016485, 	 5.43855322918039529867, 	 7.08974291507895593156, 	 8.74096361190072279612
6.76170000000000026574, 	 5.41821545375533819566, 	 7.06300317220856843647, 	 8.70782187983139621679
6.76280000000000036664, 	 5.39809252685284590711, 	 7.03654415314603021159, 	 8.67502632752978009023
6.76390000000000046754, 	 5.37817917916152765656, 	 7.01035971073320052227, 	 8.64256997026351747593
6.76500000000000056843, 	 5.35846955598276952770, 	 6.98444284853938146540, 	 8.61044468567603793474
6.76610000000000066933, 	 5.33895717657669255374, 	 6.95878567656108248940, 	 8.57864116403022691770
6.76719999999999988205, 	 5.31963483314671581326, 	 6.93337930411723935009, 	 8.54714880105936458676
6.76829999999999998295, 	 5.30049447020196407010, 	 6.90821371552881124956, 	 8.51595558178170897179
6.76940000000000008384, 	 5.28152709093834271670, 	 6.88327768074728307823, 	 8.48504801029677224733
6.77050000000000018474, 	 5.26272273075714824841, 	 6.85855874274590604500, 	 8.45441112343882927860
6.77160000000000028564, 	 5.24407051417364744594, 	 6.83404329655798559173, 	 8.42402859864323083627
6.77270000000000038654, 	 5.22555878952754415678, 	 6.80971675324391334527, 	 8.39388294801052481375
6.77380000000000048743, 	 5.20717532078855693811, 	 6.78556376515843950870, 	 8.36395577186322825014
6.77490000000000058833, 	 5.18890750468270223195, 	 6.76156848275361177514, 	 8.33422806130878335296
6.77600000000000068923, 	 5.17074276546326050408, 	 6.73771511169770942473, 	 8.30468098762195872098
6.77709999999999990195, 	 5.15266906630179821747, 	 6.71398834186770976373, 	 8.27529599321763775777
6.77820000000000000284, 	 5.13467443156265268556, 	 6.69037268843538424079, 	 8.24605399524545745749
6.77930000000000010374, 	 5.11674653439362447926, 	 6.66685221257165139264, 	 8.21693540315343717850
6.78040000000000020464, 	 5.09887274238999665954, 	 6.64341063127706998870, 	 8.18792029368696461233
6.78150000000000030553, 	 5.08104029064195739096, 	 6.62003151896506825125, 	 8.15898862328803353705
6.78260000000000040643, 	 5.06323647765196671600, 	 6.59669852722012972635, 	 8.13012045543886507915
6.78370000000000050733, 	 5.04544884309899988040, 	 6.57339558264539913779, 	 8.10129616376084804585
6.78480000000000060822, 	 5.02766529509734372283, 	 6.55010702684273482532, 	 8.07249657147400334622
6.78590000000000070912, 	 5.00987416382598915732, 	 6.52681767395622003392, 	 8.04370300356764467153
6.78699999999999992184, 	 4.99206417690262505005, 	 6.50351278274730315587, 	 8.01489725266664976289
6.78810000000000002274, 	 4.97422437487158575209, 	 6.48017796626912723212, 	 7.98606148768263235382
6.78920000000000012363, 	 4.95634400410524822433, 	 6.45679908111943756666, 	 7.95717814947054691288
6.79030000000000022453, 	 4.93841242548249503841, 	 6.43336213618706764805, 	 7.92822987033591086714
6.79140000000000032543, 	 4.92041905887026764788, 	 6.40985323441022281088, 	 7.89919941195641328591
6.79250000000000042633, 	 4.90235331165592391756, 	 6.38625847599514528952, 	 7.87006953668356956655
6.79360000000000052722, 	 4.88420453583719194057, 	 6.36256394681597736707, 	 7.84082307795284272345
6.79470000000000062812, 	 4.86596223577214992417, 	 6.33875600904788694123, 	 7.81144333802696788638
6.79580000000000072902, 	 4.84761645751418956962, 	 6.31482174502687687578, 	 7.78191455314137492394
6.79689999999999994174, 	 4.82915812730036364542, 	 6.29074930661080422567, 	 7.75222220274822948483
6.79800000000000004263, 	 4.81057918793954630843, 	 6.26652803317372342207, 	 7.72235307333019083131
6.79910000000000014353, 	 4.79187251203712705205, 	 6.24214833524312151525, 	 7.69229510385329628974
6.80020000000000024443, 	 4.77303166455843985716, 	 6.21760143038745560773, 	 7.66203711104000007026
6.80130000000000034532, 	 4.75405065383336911111, 	 6.19287910464631696783, 	 7.63156861346867021467
6.80240000000000044622, 	 4.73492381878762813585, 	 6.16797359316642257454, 	 7.60087968275014347341
6.80350000000000054712, 	 4.71564563404092051968, 	 6.14287733540266867038, 	 7.56996065848561716649
6.80460000000000064801, 	 4.69621058134941016249, 	 6.11758286785413307740, 	 7.53880210896619029626
6.80570000000000074891, 	 4.67661325853248310835, 	 6.09208298520428126466, 	 7.50739505984144805950
6.80679999999999996163, 	 4.65684860827539015560, 	 6.06637097086783860789, 	 7.47573117900293659943
6.80790000000000006253, 	 4.63691202821930215094, 	 6.04044068180116866529, 	 7.44380281518954678432
6.80900000000000016342, 	 4.61679941305813734687, 	 6.01428659716875468888, 	 7.41160305685034881407
6.81010000000000026432, 	 4.59650718580079065134, 	 5.98790386290433662708, 	 7.37912580462063871778
6.81120000000000036522, 	 4.57603240951861955921, 	 5.96128845890897007820, 	 7.34636602126122539858
6.81230000000000046612, 	 4.55537303514720370856, 	 5.93443750579056672478, 	 7.31332009236884861281
6.81340000000000056701, 	 4.53452817133557228857, 	 5.90734956421810775140, 	 7.27998612409858480987
6.81450000000000066791, 	 4.51349824046280279077, 	 5.88002479107554343329, 	 7.24636406873984029176
6.81560000000000076881, 	 4.49228496585462622193, 	 5.85246491070597496531, 	 7.21245566677626470664
6.81669999999999998153, 	 4.47089122622972201526, 	 5.82467305440250449067, 	 7.17826427899220309570
6.81780000000000008242, 	 4.44932084640108094220, 	 5.79665352847689163696, 	 7.14379463821754789876
6.81890000000000018332, 	 4.42757833605310047176, 	 5.76841151612212144073, 	 7.10905252105537766028
6.82000000000000028422, 	 4.40566863808438125005, 	 5.73995281680151148151, 	 7.07404452013142037714
6.82110000000000038511, 	 4.38359705043371050692, 	 5.71128379251113482695, 	 7.03877804069320056612
6.82220000000000048601, 	 4.36136930524323673808, 	 5.68241145774239075905, 	 7.00326139034205752409
6.82330000000000058691, 	 4.33899166941512604012, 	 5.65334356319554398596, 	 6.96750381749500480311
6.82440000000000068781, 	 4.31647097241769195364, 	 5.62408860014192324428, 	 6.93151547989199645627
6.82549999999999990052, 	 4.29381458395723303312, 	 5.59465576667595421156, 	 6.89530740243664652667
6.82660000000000000142, 	 4.27103038062095929916, 	 5.56505492440592863801, 	 6.85889142305666688060
6.82770000000000010232, 	 4.24812668875923815648, 	 5.53529652285969486769, 	 6.82228009477724661735
6.82880000000000020322, 	 4.22511219502727541908, 	 5.50539148979461945288, 	 6.78548655800273792238
6.82990000000000030411, 	 4.20199585783656637261, 	 5.47535113617989033230, 	 6.74852445546844670332
6.83100000000000040501, 	 4.17878690149822240585, 	 5.44518717267848817443, 	 6.71140799475131899499
6.83210000000000050591, 	 4.15549495003552493699, 	 5.41491188326677086451, 	 6.67415217056308573973
6.83320000000000060680, 	 4.13213026067792021934, 	 5.38453839244091803096, 	 6.63677305064573008764
6.83430000000000070770, 	 4.10870394836938501726, 	 5.35408090450443285846, 	 6.59928800881119137500
6.83539999999999992042, 	 4.08522816773669106283, 	 5.32355490411433152076, 	 6.56171590105904201096
6.83650000000000002132, 	 4.06171590894605927247, 	 5.29297677628409513062, 	 6.52407643065880105127
6.83760000000000012221, 	 4.03818062081194195656, 	 5.26236352642733073992, 	 6.48639012053470231933
6.83870000000000022311, 	 4.01463613317980794193, 	 5.23173266499010036767, 	 6.44867810284544340504
6.83980000000000032401, 	 3.99109646268154527604, 	 5.20110197585732692005, 	 6.41096186332779893746
6.83990000000000009095, 	 3.98895721712010820070, 	 5.19831799407455363848, 	 6.40753365279708830826
