0.00000000000000000000,	 34.54999999999999715783,	 0.39999999999999996669,	 0.50265482457436694297, 1128379.16709551215171813965,	 0.39999999999999996669,	 0.00000000000000000000,	 0.50265482457436694297,	 0.00000000000000000000,	 0.00000000000000000000,	 0.00000000000000000000,	 0.00000000000000000000,	 0.00000000000000000000,	 0.00000000000000000000,	 -0.00000000000000000000,	 0.00000000000000000000,	 0.00000000000000000000,	 0.00000000000000000000,	 0.04000000000000000083,	 0.00000000000000000000,	 0.00000000000000000000,	 0.00000000000000000000
5.70020000000000059970,	 34.54999999999999715783,	 0.39999999999999996669,	 0.50265482457436694297, 1128379.16709551215171813965,	 0.44950459401741388321,	 0.04950459401741391652,	 0.63477255596797521608,	 19.79136250744859637507,	 31.17866757372397401582,	 98173.17891473555937409401,	 98659.23357057195971719921,	 0.00000000000000000000,	 0.00000000000000000000,	 -277.44915614825600869153,	 0.00000000000000000000,	 0.00000000000000000000,	 -13.87245780741280043458,	 0.05000000000000000278,	 0.04650401866547856228,	 0.00000000000000000000,	 0.00000000000000000000
5.70130000000000070060,	 34.54999999999999715783,	 0.39999999999999996669,	 0.50265482457436694297, 1128379.16709551215171813965,	 0.44946334684170219376,	 0.04946334684170222706,	 0.63465606606230395847,	 19.80201915685252700428,	 31.20118157809992354146,	 98093.92078717541880905628,	 98580.67765311019320506603,	 0.00000000000000000000,	 0.00000000000000000000,	 -277.67498103990010349662,	 0.00000000000000000000,	 0.00000000000000000000,	 -13.88374905199500553010,	 0.05000000000000000278,	 0.04653973437591091972,	 0.00000000000000000000,	 0.00000000000000000000
5.70239999999999991331,	 34.54999999999999715783,	 0.39999999999999996669,	 0.50265482457436694297, 1128379.16709551215171813965,	 0.44942226216312158860,	 0.04942226216312162190,	 0.63454004570626210135,	 19.81206941031444301871,	 31.22272509729943834600,	 98014.94113036346971057355,	 98502.37041161423258017749,	 0.00000000000000000000,	 0.00000000000000000000,	 -277.89210927843964782369,	 0.00000000000000000000,	 0.00000000000000000000,	 -13.89460546392198381227,	 0.05000000000000000278,	 0.04657399739852007697,	 0.00000000000000000000,	 0.00000000000000000000
5.70350000000000001421,	 34.54999999999999715783,	 0.39999999999999996669,	 0.50265482457436694297, 1128379.16709551215171813965,	 0.44938133775472000053,	 0.04938133775472003384,	 0.63442448848610510925,	 19.82151120441185199184,	 31.24329461447952027697,	 97936.23978150445327628404,	 98424.31151068802864756435,	 0.00000000000000000000,	 0.00000000000000000000,	 -278.10050831734935172790,	 0.00000000000000000000,	 0.00000000000000000000,	 -13.90502541586746687585,	 0.04999999999999999584,	 0.04660680238386737118,	 0.00000000000000000000,	 0.00000000000000000000
5.70460000000000011511,	 34.54999999999999715783,	 0.39999999999999996669,	 0.50265482457436694297, 1128379.16709551215171813965,	 0.44934057159650092617,	 0.04934057159650095947,	 0.63430938857516361296,	 19.83034306640939448130,	 31.26288751764165851910,	 97857.81676451131352223456,	 98346.50083248167356941849,	 0.00000000000000000000,	 0.00000000000000000000,	 -278.30015354780937286705,	 0.00000000000000000000,	 0.00000000000000000000,	 -13.91500767739046828808,	 0.04999999999999999584,	 0.04663814532254571127,	 0.00000000000000000000,	 0.00000000000000000000
5.70570000000000021600,	 34.54999999999999715783,	 0.39999999999999996669,	 0.50265482457436694297, 1128379.16709551215171813965,	 0.44929996186397941349,	 0.04929996186397944680,	 0.63419474070124948195,	 19.83856410230536582162,	 31.28150208304980495200,	 97779.67226295579166617244,	 98268.93844924171571619809,	 0.00000000000000000000,	 0.00000000000000000000,	 -278.49102816100332802307,	 0.00000000000000000000,	 0.00000000000000000000,	 -13.92455140805016711170,	 0.05000000000000000278,	 0.04666802352127501219,	 0.00000000000000000000,	 0.00000000000000000000
5.70680000000000031690,	 34.54999999999999715783,	 0.39999999999999996669,	 0.50265482457436694297, 1128379.16709551215171813965,	 0.44925950691655647251,	 0.04925950691655650582,	 0.63408054011357140034,	 19.84617398390969000843,	 31.29913745713596995301,	 97701.80659331327478867024,	 98191.62459609362122137100,	 0.00000000000000000000,	 0.00000000000000000000,	 -278.67312299703286271324,	 0.00000000000000000000,	 0.00000000000000000000,	 -13.93365614985164491202,	 0.05000000000000000971,	 0.04669643557674797024,	 0.00000000000000000000,	 0.00000000000000000000
5.70790000000000041780,	 34.54999999999999715783,	 0.39999999999999996669,	 0.50265482457436694297, 1128379.16709551215171813965,	 0.44921920528575309817,	 0.04921920528575313147,	 0.63396678254927463225,	 19.85317293511840119891,	 31.31579363714584829381,	 97624.22017904909444041550,	 98114.55964461124676745385,	 0.00000000000000000000,	 0.00000000000000000000,	 -278.84643638266123844005,	 0.00000000000000000000,	 0.00000000000000000000,	 -13.94232181913306156673,	 0.04999999999999999584,	 0.04672338134759978362,	 0.00000000000000000000,	 0.00000000000000000000
5.70900000000000051870,	 34.54999999999999715783,	 0.39999999999999996669,	 0.50265482457436694297, 1128379.16709551215171813965,	 0.44917905566343702128,	 0.04917905566343705459,	 0.63385346419997989909,	 19.85956171837582218132,	 31.33147145206759986991,	 97546.91352968104183673859,	 98037.74408135691192001104,	 0.00000000000000000000,	 0.00000000000000000000,	 -279.01097397153608881126,	 0.00000000000000000000,	 0.00000000000000000000,	 -13.95054869857680479583,	 0.05000000000000000278,	 0.04674886192679657965,	 0.00000000000000000000,	 0.00000000000000000000
5.71010000000000061959,	 34.54999999999999715783,	 0.39999999999999996669,	 0.50265482457436694297, 1128379.16709551215171813965,	 0.44913905689066657700,	 0.04913905689066661031,	 0.63374058168008584602,	 19.86534162613566678601,	 31.34617255134807223271,	 97469.88724347720562946051,	 97961.17851028665609192103,	 0.00000000000000000000,	 0.00000000000000000000,	 -279.16674865333419575109,	 0.00000000000000000000,	 0.00000000000000000000,	 -13.95833743266671156391,	 0.05000000000000000971,	 0.04677287962560738172,	 0.00000000000000000000,	 0.00000000000000000000
5.71119999999999983231,	 34.54999999999999715783,	 0.39999999999999996669,	 0.50265482457436694297, 1128379.16709551215171813965,	 0.44909920794945012990,	 0.04909920794945016320,	 0.63362813200331613572,	 19.87051449334227370969,	 31.35989942636934557640,	 97393.14208954494097270072,	 97884.86373556093894876540,	 0.00000000000000000000,	 0.00000000000000000000,	 -279.31378075286357898221,	 0.00000000000000000000,	 0.00000000000000000000,	 -13.96568903764318037020,	 0.05000000000000000278,	 0.04679543800630778239,	 0.00000000000000000000,	 0.00000000000000000000
5.71229999999999993321,	 34.54999999999999715783,	 0.39999999999999996669,	 0.50265482457436694297, 1128379.16709551215171813965,	 0.44905950796367971600,	 0.04905950796367974931,	 0.63351611258516737912,	 19.87508276974332588338,	 31.37265552511325950036,	 97316.67928904993459582329,	 97808.80104639864293858409,	 0.00000000000000000000,	 0.00000000000000000000,	 -279.45209905365777558472,	 0.00000000000000000000,	 0.00000000000000000000,	 -13.97260495268288771342,	 0.04999999999999999584,	 0.04681654205347784287,	 0.00000000000000000000,	 0.00000000000000000000
5.71340000000000003411,	 34.54999999999999715783,	 0.39999999999999996669,	 0.50265482457436694297, 1128379.16709551215171813965,	 0.44901995622249685214,	 0.04901995622249688545,	 0.63340452130864433045,	 19.87904972460162866810,	 31.38444557283953528781,	 97240.50119146000361070037,	 97732.99290341726737096906,	 0.00000000000000000000,	 0.00000000000000000000,	 -279.58174364337628503563,	 0.00000000000000000000,	 0.00000000000000000000,	 -13.97908718216881496232,	 0.05000000000000000278,	 0.04683619865161754020,	 0.00000000000000000000,	 0.00000000000000000000
5.71450000000000013500,	 34.54999999999999715783,	 0.39999999999999996669,	 0.50265482457436694297, 1128379.16709551215171813965,	 0.44898055224890881520,	 0.04898055224890884851,	 0.63329335671761621818,	 19.88241989336888693174,	 31.39527626883729283236,	 97164.61259988781239371747,	 97657.44428588611481245607,	 0.00000000000000000000,	 0.00000000000000000000,	 -279.70277208294021420443,	 0.00000000000000000000,	 0.00000000000000000000,	 -13.98513860414701071022,	 0.05000000000000000278,	 0.04685441762177697950,	 0.00000000000000000000,	 0.00000000000000000000
5.71560000000000023590,	 34.54999999999999715783,	 0.39999999999999996669,	 0.50265482457436694297, 1128379.16709551215171813965,	 0.44894129594669945904,	 0.04894129594669949235,	 0.63318261843092404906,	 19.88519990360643063809,	 31.40515757189214696155,	 97089.02300829476735088974,	 97582.16496935245231725276,	 0.00000000000000000000,	 0.00000000000000000000,	 -279.81527077536412662084,	 0.00000000000000000000,	 0.00000000000000000000,	 -13.99076353876820633104,	 0.05000000000000000278,	 0.04687121363300181254,	 0.00000000000000000000,	 0.00000000000000000000
5.71670000000000033680,	 34.54999999999999715783,	 0.39999999999999996669,	 0.50265482457436694297, 1128379.16709551215171813965,	 0.44890218786636765236,	 0.04890218786636768566,	 0.63307230789199830934,	 19.88739982063977862481,	 31.41410479137962141749,	 97013.74994305046857334673,	 97507.17293297236028593034,	 0.00000000000000000000,	 0.00000000000000000000,	 -279.91937344472188442523,	 0.00000000000000000000,	 0.00000000000000000000,	 -13.99596867223609564235,	 0.05000000000000000278,	 0.04688660931046790409,	 0.00000000000000000000,	 0.00000000000000000000
5.71780000000000043769,	 34.54999999999999715783,	 0.39999999999999996669,	 0.50265482457436694297, 1128379.16709551215171813965,	 0.44886322963295444133,	 0.04886322963295447463,	 0.63296242957466242185,	 19.88903512797815764657,	 31.42214166067198632959,	 96938.82348528550937771797,	 97432.49897855718154460192,	 0.00000000000000000000,	 0.00000000000000000000,	 -280.01528827715799252474,	 0.00000000000000000000,	 0.00000000000000000000,	 -14.00076441385790104732,	 0.05000000000000000278,	 0.04690063980213587252,	 0.00000000000000000000,	 0.00000000000000000000
5.71890000000000053859,	 34.54999999999999715783,	 0.39999999999999996669,	 0.50265482457436694297, 1128379.16709551215171813965,	 0.44882442457550419945,	 0.04882442457550423276,	 0.63285299275693873700,	 19.89012941734874218014,	 31.42930450672292153058,	 96864.29193557564576622099,	 97358.19252646379754878581,	 0.00000000000000000000,	 0.00000000000000000000,	 -280.10333471890345435895,	 0.00000000000000000000,	 0.00000000000000000000,	 -14.00516673594517236268,	 0.04999999999999999584,	 0.04691335897222920909,	 0.00000000000000000000,	 0.00000000000000000000
5.72000000000000063949,	 34.54999999999999715783,	 0.39999999999999996669,	 0.50265482457436694297, 1128379.16709551215171813965,	 0.44878577858303431158,	 0.04878577858303434489,	 0.63274401393266144211,	 19.89071774225772060163,	 31.43564744079041162195,	 96790.22814480680972337723,	 97284.32810981765214819461,	 0.00000000000000000000,	 0.00000000000000000000,	 -280.18398925245077180080,	 0.00000000000000000000,	 0.00000000000000000000,	 -14.00919946262254001113,	 0.05000000000000000278,	 0.04692484710868607273,	 0.00000000000000000000,	 0.00000000000000000000
5.72109999999999985221,	 34.54999999999999715783,	 0.39999999999999996669,	 0.50265482457436694297, 1128379.16709551215171813965,	 0.44874730116784466993,	 0.04874730116784470324,	 0.63263551980648136119,	 19.89085032273377606771,	 31.44124808044012908681,	 96716.73530768975615501404,	 97211.01134811765223275870,	 0.00000000000000000000,	 0.00000000000000000000,	 -280.25793580142499195063,	 0.00000000000000000000,	 0.00000000000000000000,	 -14.01289679007124888699,	 0.04999999999999999584,	 0.04693521941475470305,	 0.00000000000000000000,	 0.00000000000000000000
5.72219999999999995310,	 34.54999999999999715783,	 0.39999999999999996669,	 0.50265482457436694297, 1128379.16709551215171813965,	 0.44870900665871443769,	 0.04870900665871447099,	 0.63252755065357157971,	 19.89059610286380319621,	 31.44621302631237469427,	 96643.95105752709787338972,	 97138.38321437520789913833,	 0.00000000000000000000,	 0.00000000000000000000,	 -280.32611389260733858464,	 0.00000000000000000000,	 0.00000000000000000000,	 -14.01630569463036835032,	 0.05000000000000000278,	 0.04694463412975236061,	 0.00000000000000000000,	 0.00000000000000000000
5.72330000000000005400,	 34.54999999999999715783,	 0.39999999999999996669,	 0.50265482457436694297, 1128379.16709551215171813965,	 0.44867091542417597561,	 0.04867091542417600891,	 0.63242016376247633946,	 19.89004579715973619614,	 31.45068253173220540475,	 96572.04970583110116422176,	 97066.62242168700322508812,	 0.00000000000000000000,	 0.00000000000000000000,	 -280.38975962592587620748,	 0.00000000000000000000,	 0.00000000000000000000,	 -14.01948798129629381037,	 0.05000000000000000278,	 0.04695329944515002490,	 0.00000000000000000000,	 0.00000000000000000000
5.72440000000000015490,	 34.54999999999999715783,	 0.39999999999999996669,	 0.50265482457436694297, 1128379.16709551215171813965,	 0.44863305504670386581,	 0.04863305504670389912,	 0.63231343673795137317,	 19.88931430084088702870,	 31.45483417756878097293,	 96501.24303601818974129856,	 96995.94633258736575953662,	 0.00000000000000000000,	 0.00000000000000000000,	 -280.45043782424147593701,	 0.00000000000000000000,	 0.00000000000000000000,	 -14.02252189121207415212,	 0.05000000000000000278,	 0.04696147893962689807,	 0.00000000000000000000,	 0.00000000000000000000
5.72550000000000025580,	 34.54999999999999715783,	 0.39999999999999996669,	 0.50265482457436694297, 1128379.16709551215171813965,	 0.44859546139057726588,	 0.04859546139057729919,	 0.63220747050260028832,	 19.88854241016996837743,	 31.45888547371755095128,	 96431.77981654522591270506,	 96926.61055416947056073695,	 0.00000000000000000000,	 0.00000000000000000000,	 -280.51006469124604336685,	 0.00000000000000000000,	 0.00000000000000000000,	 -14.02550323456230252361,	 0.05000000000000000278,	 0.04696949541816213686,	 0.00000000000000000000,	 0.00000000000000000000
5.72660000000000035669,	 34.54999999999999715783,	 0.39999999999999996669,	 0.50265482457436694297, 1128379.16709551215171813965,	 0.44855817951134663302,	 0.04855817951134666632,	 0.63210239185081085189,	 19.88789776424177446756,	 31.46309525266869400184,	 96363.94393319309165235609,	 96858.90711463234038092196,	 0.00000000000000000000,	 0.00000000000000000000,	 -280.57091980303806622032,	 0.00000000000000000000,	 0.00000000000000000000,	 -14.02854599015190295574,	 0.04999999999999999584,	 0.04697773295640142455,	 0.00000000000000000000,	 0.00000000000000000000
5.72770000000000045759,	 34.54999999999999715783,	 0.39999999999999996669,	 0.50265482457436694297, 1128379.16709551215171813965,	 0.44852126435429789941,	 0.04852126435429793272,	 0.63199835540710336268,	 19.88757490408710992824,	 31.46776369580341281562,	 96298.05103463756677228957,	 96793.16111064502911176533,	 0.00000000000000000000,	 0.00000000000000000000,	 -280.63564603658352325510,	 0.00000000000000000000,	 0.00000000000000000000,	 -14.03178230182917829438,	 0.05000000000000000971,	 0.04698663691438860479,	 0.00000000000000000000,	 0.00000000000000000000
5.72880000000000055849,	 34.54999999999999715783,	 0.39999999999999996669,	 0.50265482457436694297, 1128379.16709551215171813965,	 0.44848478119306472989,	 0.04848478119306476319,	 0.63189554485170662534,	 19.88779438173742519780,	 31.47323089040720489606,	 96234.44378058201982639730,	 96729.72591192246181890368,	 0.00000000000000000000,	 0.00000000000000000000,	 -280.70723654596918095194,	 0.00000000000000000000,	 0.00000000000000000000,	 -14.03536182729845904760,	 0.05000000000000000278,	 0.04699671176906805581,	 0.00000000000000000000,	 0.00000000000000000000
5.72990000000000065938,	 34.54999999999999715783,	 0.39999999999999996669,	 0.50265482457436694297, 1128379.16709551215171813965,	 0.44844880577258150467,	 0.04844880577258153798,	 0.63179417331303577843,	 19.88880093576556262747,	 31.47987394608534117424,	 96173.48595349366951268166,	 96668.97718532438739202917,	 0.00000000000000000000,	 0.00000000000000000000,	 -280.78900905401894760871,	 0.00000000000000000000,	 0.00000000000000000000,	 -14.03945045270094738044,	 0.05000000000000000278,	 0.04700851680936853072,	 0.00000000000000000000,	 0.00000000000000000000
5.73099999999999987210,	 34.54999999999999715783,	 0.39999999999999996669,	 0.50265482457436694297, 1128379.16709551215171813965,	 0.44841342357656210904,	 0.04841342357656214235,	 0.63169448129409888626,	 19.89086137060520798059,	 31.48810375841259201479,	 96115.49628655370906926692,	 96611.24662570399232208729,	 0.00000000000000000000,	 0.00000000000000000000,	 -280.88457751565340458910,	 0.00000000000000000000,	 0.00000000000000000000,	 -14.04422887578267165054,	 0.05000000000000000278,	 0.04702266134788306295,	 0.00000000000000000000,	 0.00000000000000000000
5.73209999999999997300,	 34.54999999999999715783,	 0.39999999999999996669,	 0.50265482457436694297, 1128379.16709551215171813965,	 0.44837873153721496955,	 0.04837873153721500286,	 0.63159674148116251580,	 19.89426401280920941872,	 31.49836391833658666428,	 96061.07615908584557473660,	 96557.14962385183025617152,	 0.00000000000000000000,	 0.00000000000000000000,	 -280.99784135922828909315,	 0.00000000000000000000,	 0.00000000000000000000,	 -14.04989206796141587574,	 0.05000000000000000278,	 0.04703980300607132209,	 0.00000000000000000000,	 0.00000000000000000000
5.73320000000000007390,	 34.54999999999999715783,	 0.39999999999999996669,	 0.50265482457436694297, 1128379.16709551215171813965,	 0.44834483789689227873,	 0.04834483789689231203,	 0.63150125834522952140,	 19.89931232835071384102,	 31.51112062784227063617,	 96010.43291175752528943121,	 96506.90827336873917374760,	 0.00000000000000000000,	 0.00000000000000000000,	 -281.13289561361267487882,	 0.00000000000000000000,	 0.00000000000000000000,	 -14.05664478068063338867,	 0.04999999999999999584,	 0.04706063266185214061,	 0.00000000000000000000,	 0.00000000000000000000
5.73430000000000017479,	 34.54999999999999715783,	 0.39999999999999996669,	 0.50265482457436694297, 1128379.16709551215171813965,	 0.44831185577941867759,	 0.04831185577941871090,	 0.63140835002636175322,	 19.90631826286860217579,	 31.52685304531924259663,	 95963.99609313803375698626,	 96460.96732460861676372588,	 0.00000000000000000000,	 0.00000000000000000000,	 -281.29394874474434118383,	 0.00000000000000000000,	 0.00000000000000000000,	 -14.06469743723721776973,	 0.05000000000000000278,	 0.04708586036331161712,	 0.00000000000000000000,	 0.00000000000000000000
5.73540000000000027569,	 34.54999999999999715783,	 0.39999999999999996669,	 0.50265482457436694297, 1128379.16709551215171813965,	 0.44827990613333806857,	 0.04827990613333810188,	 0.63131835662460067393,	 19.91559961557872426852,	 31.54604868779554394109,	 95922.13878366468998137861,	 96419.71537757107580546290,	 0.00000000000000000000,	 0.00000000000000000000,	 -281.48527967624204393360,	 0.00000000000000000000,	 0.00000000000000000000,	 -14.07426398381210219668,	 0.05000000000000000278,	 0.04711620829811243721,	 0.00000000000000000000,	 0.00000000000000000000
5.73650000000000037659,	 34.54999999999999715783,	 0.39999999999999996669,	 0.50265482457436694297, 1128379.16709551215171813965,	 0.44824911566773928406,	 0.04824911566773931737,	 0.63123163438566853856,	 19.92747662981485490263,	 31.56919828520445747699,	 95885.21963766461703926325,	 96383.52677784989646170288,	 0.00000000000000000000,	 0.00000000000000000000,	 -281.71119301085110464555,	 0.00000000000000000000,	 0.00000000000000000000,	 -14.08555965054255665336,	 0.05000000000000000278,	 0.04715240320312705236,	 0.00000000000000000000,	 0.00000000000000000000
5.73760000000000047748,	 34.54999999999999715783,	 0.39999999999999996669,	 0.50265482457436694297, 1128379.16709551215171813965,	 0.44821961551177419425,	 0.04821961551177422756,	 0.63114855192880658930,	 19.94226835232384331675,	 31.59679015562936044148,	 95853.57861390893231146038,	 96352.75718797836452722549,	 0.00000000000000000000,	 0.00000000000000000000,	 -281.97596947694802338447,	 0.00000000000000000000,	 0.00000000000000000000,	 -14.09879847384740259031,	 0.05000000000000000278,	 0.04719516801668705019,	 0.00000000000000000000,	 0.00000000000000000000
5.73870000000000057838,	 34.54999999999999715783,	 0.39999999999999996669,	 0.50265482457436694297, 1128379.16709551215171813965,	 0.44819153986690973834,	 0.04819153986690977165,	 0.63106948645725402525,	 19.96028938030428179218,	 31.62930518532733259462,	 95827.53461082624562550336,	 96327.74108407953463029116,	 0.00000000000000000000,	 0.00000000000000000000,	 -282.28382173139311817067,	 0.00000000000000000000,	 0.00000000000000000000,	 -14.11419108656965626380,	 0.05000000000000000278,	 0.04724521443073036869,	 0.00000000000000000000,	 0.00000000000000000000
5.73980000000000067928,	 34.54999999999999715783,	 0.39999999999999996669,	 0.50265482457436694297, 1128379.16709551215171813965,	 0.44816502469430835598,	 0.04816502469430838929,	 0.63099482007064977562,	 19.98184705179009768017,	 31.66721249716886177339,	 95807.38388547960494179279,	 96308.79005915002198889852,	 0.00000000000000000000,	 0.00000000000000000000,	 -282.63885624514273331442,	 0.00000000000000000000,	 0.00000000000000000000,	 -14.13194281225713666572,	 0.05000000000000000278,	 0.04730323646610160720,	 0.00000000000000000000,	 0.00000000000000000000
5.74089999999999989200,	 34.54999999999999715783,	 0.39999999999999996669,	 0.50265482457436694297, 1128379.16709551215171813965,	 0.44814020647074437331,	 0.04814020647074440662,	 0.63092493627321166727,	 20.00723909875349804111,	 31.71096583522844269964,	 95793.39918745985778514296,	 96296.19186456137686036527,	 0.00000000000000000000,	 0.00000000000000000000,	 -283.04504150576468646250,	 0.00000000000000000000,	 0.00000000000000000000,	 -14.15225207528823503367,	 0.05000000000000000278,	 0.04736990511131545373,	 0.00000000000000000000,	 0.00000000000000000000
5.74199999999999999289,	 34.54999999999999715783,	 0.39999999999999996669,	 0.50265482457436694297, 1128379.16709551215171813965,	 0.44811722103688983454,	 0.04811722103688986785,	 0.63086021674450465380,	 20.03675174670365777274,	 31.76100063830534026010,	 95785.82947579633037094027,	 96290.21005656954366713762,	 0.00000000000000000000,	 0.00000000000000000000,	 -283.50618228698436951163,	 0.00000000000000000000,	 0.00000000000000000000,	 -14.17530911434922025194,	 0.05000000000000000971,	 0.04744586398354556228,	 0.00000000000000000000,	 0.00000000000000000000
5.74310000000000009379,	 34.54999999999999715783,	 0.39999999999999996669,	 0.50265482457436694297, 1128379.16709551215171813965,	 0.44809620255341392481,	 0.04809620255341395811,	 0.63080103841592527480,	 20.07065823293496720225,	 31.81773175791947139146,	 95784.90009949229715857655,	 96291.08412660175235942006,	 0.00000000000000000000,	 0.00000000000000000000,	 -284.02589958683472559642,	 0.00000000000000000000,	 0.00000000000000000000,	 -14.20129497934173734564,	 0.05000000000000000278,	 0.04753172594529805894,	 0.00000000000000000000,	 0.00000000000000000000
5.74420000000000019469,	 34.54999999999999715783,	 0.39999999999999996669,	 0.50265482457436694297, 1128379.16709551215171813965,	 0.44807728257049467269,	 0.04807728257049470599,	 0.63074777086827060746,	 20.10921768021757216616,	 31.88155172159508055074,	 95790.81323075322143267840,	 96299.02990084158955141902,	 0.00000000000000000000,	 0.00000000000000000000,	 -284.60761535331130289705,	 0.00000000000000000000,	 0.00000000000000000000,	 -14.23038076766556514485,	 0.05000000000000000278,	 0.04762807052896021742,	 0.00000000000000000000,	 0.00000000000000000000
5.74530000000000029559,	 34.54999999999999715783,	 0.39999999999999996669,	 0.50265482457436694297, 1128379.16709551215171813965,	 0.44806058921303987264,	 0.04806058921303990594,	 0.63070077405644742186,	 20.15267429933869891556,	 31.95282950062630433763,	 95803.74856100433680694550,	 96314.24021755238936748356,	 0.00000000000000000000,	 0.00000000000000000000,	 -285.25454163908761984203,	 0.00000000000000000000,	 0.00000000000000000000,	 -14.26272708195438276846,	 0.05000000000000000278,	 0.04773544210875468180,	 0.00000000000000000000,	 0.00000000000000000000
5.74640000000000039648,	 34.54999999999999715783,	 0.39999999999999996669,	 0.50265482457436694297, 1128379.16709551215171813965,	 0.44804624647503532575,	 0.04804624647503535906,	 0.63066039634238257872,	 20.20125682602451888670,	 32.03190963501908328226,	 95823.86411584490269888192,	 96336.88573327791527844965,	 0.00000000000000000000,	 0.00000000000000000000,	 -285.96967288111284233310,	 0.00000000000000000000,	 0.00000000000000000000,	 -14.29848364405564353774,	 0.05000000000000000278,	 0.04785434860094685966,	 0.00000000000000000000,	 0.00000000000000000000
5.74750000000000049738,	 34.54999999999999715783,	 0.39999999999999996669,	 0.50265482457436694297, 1128379.16709551215171813965,	 0.44803437361652825865,	 0.04803437361652829196,	 0.63062697281746205036,	 20.25517815476269944952,	 32.11911165846319704542,	 95851.29669709467270877212,	 96367.11536395909206476063,	 0.00000000000000000000,	 0.00000000000000000000,	 -286.75578080492448407313,	 0.00000000000000000000,	 0.00000000000000000000,	 -14.33778904024622491420,	 0.05000000000000000278,	 0.04798526060777197344,	 0.00000000000000000000,	 0.00000000000000000000
5.74860000000000059828,	 34.54999999999999715783,	 0.39999999999999996669,	 0.50265482457436694297, 1128379.16709551215171813965,	 0.44802508465284346384,	 0.04802508465284349715,	 0.63060082388483840177,	 20.31463514939153114369,	 32.21472979410732762062,	 95886.16226581396767869592,	 96405.05667366764100734144,	 0.00000000000000000000,	 0.00000000000000000000,	 -287.61541170463004846169,	 0.00000000000000000000,	 0.00000000000000000000,	 -14.38077058523150419944,	 0.05000000000000000278,	 0.04812861096241401182,	 0.00000000000000000000,	 0.00000000000000000000
5.74970000000000069917,	 34.54999999999999715783,	 0.39999999999999996669,	 0.50265482457436694297, 1128379.16709551215171813965,	 0.44801848803545635258,	 0.04801848803545638589,	 0.63058225438113235661,	 20.37980913302963870137,	 32.31903370485876081375,	 95928.56392023991793394089,	 96450.82389004781725816429,	 0.00000000000000000000,	 0.00000000000000000000,	 -288.55089303636970043954,	 0.00000000000000000000,	 0.00000000000000000000,	 -14.42754465181848644306,	 0.05000000000000000278,	 0.04828479584095166088,	 0.00000000000000000000,	 0.00000000000000000000
5.75079999999999991189,	 34.54999999999999715783,	 0.39999999999999996669,	 0.50265482457436694297, 1128379.16709551215171813965,	 0.44801468759656876140,	 0.04801468759656879470,	 0.63057155625495697748,	 20.45086182305700717166,	 32.43226184275932411083,	 95978.39788961637532338500,	 96504.32369373503024689853,	 0.00000000000000000000,	 0.00000000000000000000,	 -289.56427314243899218127,	 0.00000000000000000000,	 0.00000000000000000000,	 -14.47821365712194996433,	 0.05000000000000000278,	 0.04845416475098880682,	 0.00000000000000000000,	 0.00000000000000000000
5.75190000000000001279,	 34.54999999999999715783,	 0.39999999999999996669,	 0.50265482457436694297, 1128379.16709551215171813965,	 0.44801383038814335258,	 0.04801383038814338589,	 0.63056914325043400549,	 20.52784700871384870879,	 32.55447436406050343294,	 96031.23926145832228939980,	 96561.13616201846161857247,	 0.00000000000000000000,	 0.00000000000000000000,	 -290.65597672157986153252,	 0.00000000000000000000,	 0.00000000000000000000,	 -14.53279883607899236608,	 0.04999999999999999584,	 0.04863679816492765678,	 0.00000000000000000000,	 0.00000000000000000000
5.75300000000000011369,	 34.54999999999999715783,	 0.39999999999999996669,	 0.50265482457436694297, 1128379.16709551215171813965,	 0.44801576143009319564,	 0.04801576143009322895,	 0.63057457905624869632,	 20.61091999039645372704,	 32.68593545468301186929,	 96099.29635681679064873606,	 96633.48154509064625017345,	 0.00000000000000000000,	 0.00000000000000000000,	 -291.82844237754079586011,	 0.00000000000000000000,	 0.00000000000000000000,	 -14.59142211887704121409,	 0.05000000000000000278,	 0.04883309746317804345,	 0.00000000000000000000,	 0.00000000000000000000
5.75410000000000021458,	 34.54999999999999715783,	 0.39999999999999996669,	 0.50265482457436694297, 1128379.16709551215171813965,	 0.44802080514708353398,	 0.04802080514708356729,	 0.63058877702825943956,	 20.70021343020859916351,	 32.82680279811090429121,	 96172.57438605063362047076,	 96711.37387702366686426103,	 0.00000000000000000000,	 0.00000000000000000000,	 -293.08284276962530157107,	 0.00000000000000000000,	 0.00000000000000000000,	 -14.65414213848126401274,	 0.04999999999999999584,	 0.04904327854841129125,	 0.00000000000000000000,	 0.00000000000000000000
5.75520000000000031548,	 34.54999999999999715783,	 0.39999999999999996669,	 0.50265482457436694297, 1128379.16709551215171813965,	 0.44802897635921529185,	 0.04802897635921532515,	 0.63061177918170507883,	 20.79586173351864175629,	 32.97728082482662159691,	 96253.00833629850239958614,	 96796.75886159823858179152,	 0.00000000000000000000,	 0.00000000000000000000,	 -294.42096440107479793369,	 0.00000000000000000000,	 0.00000000000000000000,	 -14.72104822005373847560,	 0.04999999999999999584,	 0.04926764360046695379,	 0.00000000000000000000,	 0.00000000000000000000
5.75630000000000041638,	 34.54999999999999715783,	 0.39999999999999996669,	 0.50265482457436694297, 1128379.16709551215171813965,	 0.44804034388178437531,	 0.04804034388178440862,	 0.63064377972162999342,	 20.89795506821947768117,	 33.13749495387707355576,	 96341.19234925505588762462,	 96890.23913516417087521404,	 0.00000000000000000000,	 0.00000000000000000000,	 -295.84384894249984654380,	 0.00000000000000000000,	 0.00000000000000000000,	 -14.79219244712499303773,	 0.05000000000000000278,	 0.04950637345702991327,	 0.00000000000000000000,	 0.00000000000000000000
5.75740000000000051728,	 34.54999999999999715783,	 0.39999999999999996669,	 0.50265482457436694297, 1128379.16709551215171813965,	 0.44805496990674359425,	 0.04805496990674362756,	 0.63068495441646099664,	 21.00656668518465508555,	 33.30754370796891095097,	 96437.08318051285459659994,	 96991.77941444198950193822,	 0.00000000000000000000,	 0.00000000000000000000,	 -297.35229777633236381007,	 0.00000000000000000000,	 0.00000000000000000000,	 -14.86761488881661996686,	 0.05000000000000000278,	 0.04975960875763137115,	 0.00000000000000000000,	 0.00000000000000000000
5.75850000000000061817,	 34.54999999999999715783,	 0.39999999999999996669,	 0.50265482457436694297, 1128379.16709551215171813965,	 0.44807290955990863868,	 0.04807290955990867198,	 0.63073545936163211145,	 21.12175608202725740625,	 33.48750378392330162569,	 96540.64803677832242101431,	 97101.35449161745782475919,	 0.00000000000000000000,	 0.00000000000000000000,	 -298.94691751674338320299,	 0.00000000000000000000,	 0.00000000000000000000,	 -14.94734587583717022596,	 0.05000000000000000278,	 0.05002745753967054176,	 0.00000000000000000000,	 0.00000000000000000000
5.75960000000000071907,	 34.54999999999999715783,	 0.39999999999999996669,	 0.50265482457436694297, 1128379.16709551215171813965,	 0.44809421121278691924,	 0.04809421121278695255,	 0.63079543186564868140,	 21.24356923472817371135,	 33.67743037056866484136,	 96651.84660499265010003000,	 97218.93126317490532528609,	 0.00000000000000000000,	 0.00000000000000000000,	 -300.62812263893528097469,	 0.00000000000000000000,	 0.00000000000000000000,	 -15.03140613194676511455,	 0.05000000000000000278,	 0.05030999569570524660,	 0.00000000000000000000,	 0.00000000000000000000
5.76069999999999993179,	 34.54999999999999715783,	 0.39999999999999996669,	 0.50265482457436694297, 1128379.16709551215171813965,	 0.44811891646337437267,	 0.04811891646337440598,	 0.63086499040234522706,	 21.37203899303358056727,	 33.87735778364113770067,	 96770.62346336500195320696,	 97344.46114856541680637747,	 0.00000000000000000000,	 0.00000000000000000000,	 -302.39614119400823710748,	 0.00000000000000000000,	 0.00000000000000000000,	 -15.11980705970041327646,	 0.05000000000000000278,	 0.05060726792571864502,	 0.00000000000000000000,	 0.00000000000000000000
5.76180000000000003268,	 34.54999999999999715783,	 0.39999999999999996669,	 0.50265482457436694297, 1128379.16709551215171813965,	 0.44814706020147943022,	 0.04814706020147946353,	 0.63094423479912520314,	 21.50718553332526283839,	 34.08730018774566161710,	 96896.91149849623616319150,	 97477.88351554097607731819,	 0.00000000000000000000,	 0.00000000000000000000,	 -304.25102128234942711060,	 0.00000000000000000000,	 0.00000000000000000000,	 -15.21255106411747171080,	 0.05000000000000000278,	 0.05091928881789209438,	 0.00000000000000000000,	 0.00000000000000000000
5.76290000000000013358,	 34.54999999999999715783,	 0.39999999999999996669,	 0.50265482457436694297, 1128379.16709551215171813965,	 0.44817867071744904583,	 0.04817867071744907914,	 0.63103324654541703698,	 21.64901675169051031844,	 34.30725222515257399891,	 97030.63268911576597020030,	 97619.12646673587732948363,	 0.00000000000000000000,	 0.00000000000000000000,	 -306.19263670208289340735,	 0.00000000000000000000,	 0.00000000000000000000,	 -15.30963183510414360455,	 0.04999999999999999584,	 0.05124604379077195987,	 0.00000000000000000000,	 0.00000000000000000000
5.76400000000000023448,	 34.54999999999999715783,	 0.39999999999999996669,	 0.50265482457436694297, 1128379.16709551215171813965,	 0.44821376981695537633,	 0.04821376981695540964,	 0.63113208911623452924,	 21.79752867246480363406,	 34.53718967607490952787,	 97171.69847982867213431746,	 97768.10721518925856798887,	 0.00000000000000000000,	 0.00000000000000000000,	 -308.22069290891658965847,	 0.00000000000000000000,	 0.00000000000000000000,	 -15.41103464544583090401,	 0.05000000000000000278,	 0.05158749008501599398,	 0.00000000000000000000,	 0.00000000000000000000
5.76510000000000033538,	 34.54999999999999715783,	 0.39999999999999996669,	 0.50265482457436694297, 1128379.16709551215171813965,	 0.44825237294819386680,	 0.04825237294819390010,	 0.63124080832874451819,	 21.95270584231972677003,	 34.77707010172725432540,	 97320.01030513724253978580,	 97924.73260756746458355337,	 0.00000000000000000000,	 0.00000000000000000000,	 -310.33473284699437044765,	 0.00000000000000000000,	 0.00000000000000000000,	 -15.51673664234971994347,	 0.05000000000000000278,	 0.05194355773149526151,	 0.00000000000000000000,	 0.00000000000000000000
5.76620000000000043627,	 34.54999999999999715783,	 0.39999999999999996669,	 0.50265482457436694297, 1128379.16709551215171813965,	 0.44829448934034021867,	 0.04829448934034025198,	 0.63135943272864114562,	 22.11452171881859740665,	 35.02683348412637087677,	 97475.46009109527221880853,	 98088.89962305763037875295,	 0.00000000000000000000,	 0.00000000000000000000,	 -312.53414277447768654383,	 0.00000000000000000000,	 0.00000000000000000000,	 -15.62670713872388716936,	 0.05000000000000000971,	 0.05231415051653284104,	 0.00000000000000000000,	 0.00000000000000000000
5.76730000000000053717,	 34.54999999999999715783,	 0.39999999999999996669,	 0.50265482457436694297, 1128379.16709551215171813965,	 0.44834012215071000762,	 0.04834012215071004093,	 0.63148797399918632500,	 22.28293905483409886870,	 35.28640286483557275687,	 97637.93072710269188974053,	 98260.49584067243267782032,	 0.00000000000000000000,	 0.00000000000000000000,	 -314.81815810340532379996,	 0.00000000000000000000,	 0.00000000000000000000,	 -15.74090790517026761108,	 0.05000000000000000278,	 0.05269914694756040741,	 0.00000000000000000000,	 0.00000000000000000000
5.76840000000000063807,	 34.54999999999999715783,	 0.39999999999999996669,	 0.50265482457436694297, 1128379.16709551215171813965,	 0.44838926862054545586,	 0.04838926862054548916,	 0.63162642739277230497,	 22.45791028032630975986,	 35.55568498460090864910,	 97807.29657990594569128007,	 98439.39994726802979130298,	 0.00000000000000000000,	 0.00000000000000000000,	 -317.18586926923364899267,	 0.00000000000000000000,	 0.00000000000000000000,	 -15.85929346346168422599,	 0.05000000000000000278,	 0.05309840122193813794,	 0.00000000000000000000,	 0.00000000000000000000
5.76949999999999985079,	 34.54999999999999715783,	 0.39999999999999996669,	 0.50265482457436694297, 1128379.16709551215171813965,	 0.44844192024121165563,	 0.04844192024121168894,	 0.63177477219011335396,	 22.63937788413648277697,	 35.83457092731751458814,	 97983.42406184277206193656,	 98625.48229861524305306375,	 0.00000000000000000000,	 0.00000000000000000000,	 -319.63622765724062446679,	 0.00000000000000000000,	 0.00000000000000000000,	 -15.98181138286203228915,	 0.05000000000000000278,	 0.05351174420378110308,	 0.00000000000000000000,	 0.00000000000000000000
5.77059999999999995168,	 34.54999999999999715783,	 0.39999999999999996669,	 0.50265482457436694297, 1128379.16709551215171813965,	 0.44849806293143396063,	 0.04849806293143399394,	 0.63193297218894772804,	 22.82727479736670872512,	 36.12293677016960913306,	 98166.17221422219881787896,	 98818.60549467302917037159,	 0.00000000000000000000,	 0.00000000000000000000,	 -322.16805159929577939693,	 0.00000000000000000000,	 0.00000000000000000000,	 -16.10840257996478896985,	 0.05000000000000000278,	 0.05393898441130057925,	 0.00000000000000000000,	 0.00000000000000000000
5.77170000000000005258,	 34.54999999999999715783,	 0.39999999999999996669,	 0.50265482457436694297, 1128379.16709551215171813965,	 0.44855767722446904244,	 0.04855767722446907575,	 0.63210097621924521416,	 23.02152477993288215430,	 36.42064424204880879188,	 98355.39327920279174577445,	 99018.62494270573370158672,	 0.00000000000000000000,	 0.00000000000000000000,	 -324.78003245788204367273,	 0.00000000000000000000,	 0.00000000000000000000,	 -16.23900162289410076255,	 0.04999999999999999584,	 0.05437990901764545859,	 0.00000000000000000000,	 0.00000000000000000000
5.77280000000000015348,	 34.54999999999999715783,	 0.39999999999999996669,	 0.50265482457436694297, 1128379.16709551215171813965,	 0.44862073846398470289,	 0.04862073846398473620,	 0.63227871868159324364,	 23.22204281089328858911,	 36.72754139078906376881,	 98550.93327119175228290260,	 99225.38941949782019946724,	 0.00000000000000000000,	 0.00000000000000000000,	 -327.47074080024992781546,	 0.00000000000000000000,	 0.00000000000000000000,	 -16.37353704001249710132,	 0.05000000000000000278,	 0.05483428486588829559,	 0.00000000000000000000,	 0.00000000000000000000
5.77390000000000025437,	 34.54999999999999715783,	 0.39999999999999996669,	 0.50265482457436694297, 1128379.16709551215171813965,	 0.44868721700813163356,	 0.04868721700813166686,	 0.63246612010743774590,	 23.42873548291865404281,	 37.04346325924744576241,	 98752.63255699130240827799,	 99438.74164211090828757733,	 0.00000000000000000000,	 0.00000000000000000000,	 -330.23863266045401587689,	 0.00000000000000000000,	 0.00000000000000000000,	 -16.51193163302270150439,	 0.05000000000000000278,	 0.05530185949798985950,	 0.00000000000000000000,	 0.00000000000000000000
5.77500000000000035527,	 34.54999999999999715783,	 0.39999999999999996669,	 0.50265482457436694297, 1128379.16709551215171813965,	 0.44875707844158069237,	 0.04875707844158072568,	 0.63266308774068502618,	 23.64150140003087585683,	 37.36823256823387851000,	 98960.32644594732846599072,	 99658.51884858413541223854,	 0.00000000000000000000,	 0.00000000000000000000,	 -333.08205586866068870222,	 0.00000000000000000000,	 0.00000000000000000000,	 -16.65410279343303656674,	 0.05000000000000000971,	 0.05578236219452701455,	 0.00000000000000000000,	 0.00000000000000000000
5.77610000000000045617,	 34.54999999999999715783,	 0.39999999999999996669,	 0.50265482457436694297, 1128379.16709551215171813965,	 0.44883028379512374118,	 0.04883028379512377448,	 0.63286951613967734609,	 23.86023157737547606416,	 37.70166040373701576982,	 99173.84578341824817471206,	 99884.55338201760605443269,	 0.00000000000000000000,	 0.00000000000000000000,	 -335.99925642224775401701,	 0.00000000000000000000,	 0.00000000000000000000,	 -16.79996282111238770085,	 0.05000000000000000278,	 0.05627550502114517933,	 0.00000000000000000000,	 0.00000000000000000000
5.77720000000000055707,	 34.54999999999999715783,	 0.39999999999999996669,	 0.50265482457436694297, 1128379.16709551215171813965,	 0.44890678977219228285,	 0.04890678977219231616,	 0.63308528779787909269,	 24.08480984120247470059,	 38.04354690499753388622,	 99393.01754166396858636290,	 100116.67327222034509759396,	 0.00000000000000000000,	 0.00000000000000000000,	 -338.98838486540665826396,	 0.00000000000000000000,	 0.00000000000000000000,	 -16.94941924327033433428,	 0.05000000000000000278,	 0.05678098387637461886,	 0.00000000000000000000,	 0.00000000000000000000
5.77830000000000065796,	 34.54999999999999715783,	 0.39999999999999996669,	 0.50265482457436694297, 1128379.16709551215171813965,	 0.44898654898144302328,	 0.04898654898144305658,	 0.63331027378103244008,	 24.31511322713811296126,	 38.39368194987640947602,	 99617.66540377293131314218,	 100354.70281060706474818289,	 0.00000000000000000000,	 0.00000000000000000000,	 -342.04750264323178043924,	 0.00000000000000000000,	 0.00000000000000000000,	 -17.10237513216159044305,	 0.05000000000000000278,	 0.05729847953531087140,	 0.00000000000000000000,	 0.00000000000000000000
5.77939999999999987068,	 34.54999999999999715783,	 0.39999999999999996669,	 0.50265482457436694297, 1128379.16709551215171813965,	 0.44906951017461893549,	 0.04906951017461896880,	 0.63354433437870860679,	 24.55101237335021124863,	 38.75184583163607499046,	 99847.61034362771897576749,	 100598.46312130716978572309,	 0.00000000000000000000,	 0.00000000000000000000,	 -345.17458837557308015676,	 0.00000000000000000000,	 0.00000000000000000000,	 -17.25872941877865685001,	 0.05000000000000000971,	 0.05782765868018662631,	 0.00000000000000000000,	 0.00000000000000000000
5.78049999999999997158,	 34.54999999999999715783,	 0.39999999999999996669,	 0.50265482457436694297, 1128379.16709551215171813965,	 0.44915561848929391742,	 0.04915561848929395072,	 0.63378731976931435010,	 24.79237190295569703835,	 39.11780991765441939378,	 100082.67121108253195416182,	 100847.77273745939601212740,	 0.00000000000000000000,	 0.00000000000000000000,	 -348.36754396371259190346,	 0.00000000000000000000,	 0.00000000000000000000,	 -17.41837719818563101626,	 0.05000000000000000278,	 0.05836817490347936954,	 0.00000000000000000000,	 0.00000000000000000000
5.78160000000000007248,	 34.54999999999999715783,	 0.39999999999999996669,	 0.50265482457436694297, 1128379.16709551215171813965,	 0.44924481569640989376,	 0.04924481569640992706,	 0.63403907069845411026,	 25.03905079064626093555,	 39.49133728157063671915,	 100322.66532212583115324378,	 101102.44818226921779569238,	 0.00000000000000000000,	 0.00000000000000000000,	 -351.62420045161331927375,	 0.00000000000000000000,	 0.00000000000000000000,	 -17.58121002258066667423,	 0.05000000000000000278,	 0.05891966967065682959,	 0.00000000000000000000,	 0.00000000000000000000
5.78270000000000017337,	 34.54999999999999715783,	 0.39999999999999996669,	 0.50265482457436694297, 1128379.16709551215171813965,	 0.44933704045203864963,	 0.04933704045203868294,	 0.63429941916921395162,	 25.29090271360891506447,	 39.87218330852985559432,	 100567.40903652367705944926,	 101362.30453741818200796843,	 0.00000000000000000000,	 0.00000000000000000000,	 -354.94232363677781449951,	 0.00000000000000000000,	 0.00000000000000000000,	 -17.74711618183889072498,	 0.05000000000000000278,	 0.05948177324189557469,	 0.00000000000000000000,	 0.00000000000000000000
5.78380000000000027427,	 34.54999999999999715783,	 0.39999999999999996669,	 0.50265482457436694297, 1128379.16709551215171813965,	 0.44943222855187375808,	 0.04943222855187379139,	 0.63456818914030199696,	 25.54777639162244540216,	 40.26009628095913228663,	 100816.71830166886502411216,	 101627.15597794491623062640,	 0.00000000000000000000,	 0.00000000000000000000,	 -358.31961949575486414687,	 0.00000000000000000000,	 0.00000000000000000000,	 -17.91598097478774676006,	 0.05000000000000000971,	 0.06005410556376585690,	 0.00000000000000000000,	 0.00000000000000000000
5.78490000000000037517,	 34.54999999999999715783,	 0.39999999999999996669,	 0.50265482457436694297, 1128379.16709551215171813965,	 0.44953031318628428048,	 0.04953031318628431379,	 0.63484519722607724024,	 25.80951592237029856847,	 40.65481795427235311990,	 101070.40914960921509191394,	 101896.81626105672330595553,	 0.00000000000000000000,	 0.00000000000000000000,	 -361.75373950744102558019,	 0.00000000000000000000,	 0.00000000000000000000,	 -18.08768697537205127901,	 0.05000000000000000278,	 0.06063627714485833597,	 0.00000000000000000000,	 0.00000000000000000000
5.78600000000000047606,	 34.54999999999999715783,	 0.39999999999999996669,	 0.50265482457436694297, 1128379.16709551215171813965,	 0.44963122519364145946,	 0.04963122519364149277,	 0.63513025339214279619,	 26.07596111598005350629,	 41.05608412874674684190,	 101328.29814577751676551998,	 102171.09916777088074013591,	 0.00000000000000000000,	 0.00000000000000000000,	 -365.24228592945462423813,	 0.00000000000000000000,	 0.00000000000000000000,	 -18.26211429647273121191,	 0.05000000000000000278,	 0.06122788992464028163,	 0.00000000000000000000,	 0.00000000000000000000
5.78710000000000057696,	 34.54999999999999715783,	 0.39999999999999996669,	 0.50265482457436694297, 1128379.16709551215171813965,	 0.44973489331010629844,	 0.04973489331010633174,	 0.63542316164150747237,	 26.34694782882156260939,	 41.46362521749870211352,	 101590.20280016015749424696,	 102449.81890824875154066831,	 0.00000000000000000000,	 0.00000000000000000000,	 -368.78281702645858786127,	 0.00000000000000000000,	 0.00000000000000000000,	 -18.43914085132292868252,	 0.04999999999999999584,	 0.06182853813539198468,	 0.00000000000000000000,	 0.00000000000000000000
5.78820000000000067786,	 34.54999999999999715783,	 0.39999999999999996669,	 0.50265482457436694297, 1128379.16709551215171813965,	 0.44984124441473943845,	 0.04984124441473947176,	 0.63572372068821403346,	 26.62230829478152571710,	 41.87716680755764997457,	 101855.94194876338588073850,	 102732.79049867739377077669,	 0.00000000000000000000,	 0.00000000000000000000,	 -372.37285222293422748407,	 0.00000000000000000000,	 0.00000000000000000000,	 -18.61864261114671492692,	 0.05000000000000000971,	 0.06243780915267975462,	 0.00000000000000000000,	 0.00000000000000000000
5.78929999999999989058,	 34.54999999999999715783,	 0.39999999999999996669,	 0.50265482457436694297, 1128379.16709551215171813965,	 0.44995020376889899305,	 0.04995020376889902636,	 0.63603172461560641970,	 26.90187145485027997438,	 42.29643021518896262023,	 102125.33609917652211152017,	 103019.83010365070367697626,	 0.00000000000000000000,	 0.00000000000000000000,	 -376.00987718999243725193,	 0.00000000000000000000,	 0.00000000000000000000,	 -18.80049385949962470477,	 0.05000000000000000971,	 0.06305528433602591853,	 0.00000000000000000000,	 0.00000000000000000000
5.79039999999999999147,	 34.54999999999999715783,	 0.39999999999999996669,	 0.50265482457436694297, 1128379.16709551215171813965,	 0.45006169524843930851,	 0.05006169524843934182,	 0.63634696351512132217,	 27.18546328958057856084,	 42.72113304259458033130,	 102398.20772508651134558022,	 103310.75532930804183706641,	 0.00000000000000000000,	 0.00000000000000000000,	 -379.69134892950194171135,	 0.00000000000000000000,	 0.00000000000000000000,	 -18.98456744647510063828,	 0.05000000000000000971,	 0.06368053987039419550,	 0.00000000000000000000,	 0.00000000000000000000
5.79150000000000009237,	 34.54999999999999715783,	 0.39999999999999996669,	 0.50265482457436694297, 1128379.16709551215171813965,	 0.45017564156654987784,	 0.05017564156654991114,	 0.63666922409956483442,	 27.47290716163970714092,	 43.15098974745382776064,	 102674.38149309447908308357,	 103605.38545118691399693489,	 0.00000000000000000000,	 0.00000000000000000000,	 -383.41470095800173112366,	 0.00000000000000000000,	 0.00000000000000000000,	 -19.17073504790008797727,	 0.05000000000000000278,	 0.06431314762562514997,	 0.00000000000000000000,	 0.00000000000000000000
5.79260000000000019327,	 34.54999999999999715783,	 0.39999999999999996669,	 0.50265482457436694297, 1128379.16709551215171813965,	 0.45029196448502073480,	 0.05029196448502076811,	 0.63699829028465926317,	 27.76402417169675373998,	 43.58571223054566701194,	 102953.68443066449253819883,	 103903.54158598645881284028,	 0.00000000000000000000,	 0.00000000000000000000,	 -387.17734863772437847729,	 0.00000000000000000000,	 0.00000000000000000000,	 -19.35886743188622105549,	 0.05000000000000000278,	 0.06495267604169498166,	 0.00000000000000000000,	 0.00000000000000000000
5.79370000000000029416,	 34.54999999999999715783,	 0.39999999999999996669,	 0.50265482457436694297, 1128379.16709551215171813965,	 0.45041058501342201570,	 0.05041058501342204901,	 0.63733394373744656214,	 28.05863351820045537011,	 44.02501042649529949813,	 103235.94608376894029788673,	 104205.04685529545531608164,	 0.00000000000000000000,	 0.00000000000000000000,	 -390.97669452136324252933,	 0.00000000000000000000,	 0.00000000000000000000,	 -19.54883472606816141592,	 0.04999999999999999584,	 0.06559869101746559905,	 0.00000000000000000000,	 0.00000000000000000000
5.79480000000000039506,	 34.54999999999999715783,	 0.39999999999999996669,	 0.50265482457436694297, 1128379.16709551215171813965,	 0.45053142359820336216,	 0.05053142359820339546,	 0.63767596439723783774,	 28.35655284325236635823,	 44.46859286919548992500,	 103520.99871214381710160524,	 104509.72658802695514168590,	 0.00000000000000000000,	 0.00000000000000000000,	 -394.81013345567509986722,	 0.00000000000000000000,	 0.00000000000000000000,	 -19.74050667278375570390,	 0.05000000000000000278,	 0.06625075676034418437,	 0.00000000000000000000,	 0.00000000000000000000
5.79590000000000049596,	 34.54999999999999715783,	 0.39999999999999996669,	 0.50265482457436694297, 1128379.16709551215171813965,	 0.45065440030501940916,	 0.05065440030501944246,	 0.63802413097849486334,	 28.65759854933907746499,	 44.91616720732621814705,	 103808.67754123129998333752,	 104817.40857952953956555575,	 0.00000000000000000000,	 0.00000000000000000000,	 -398.67505722278815483151,	 0.00000000000000000000,	 0.00000000000000000000,	 -19.93375286113941058375,	 0.05000000000000000971,	 0.06690843655999052786,	 0.00000000000000000000,	 0.00000000000000000000
5.79700000000000059686,	 34.54999999999999715783,	 0.39999999999999996669,	 0.50265482457436694297, 1128379.16709551215171813965,	 0.45077943499774020264,	 0.05077943499774023595,	 0.63837822146546185920,	 28.96158607665228501560,	 45.36744065323537000722,	 104098.82107470929622650146,	 105127.92341042171756271273,	 0.00000000000000000000,	 0.00000000000000000000,	 -402.56885856794070832620,	 0.00000000000000000000,	 0.00000000000000000000,	 -20.12844292839703541631,	 0.05000000000000000278,	 0.06757129346091016175,	 0.00000000000000000000,	 0.00000000000000000000
5.79810000000000069775,	 34.54999999999999715783,	 0.39999999999999996669,	 0.50265482457436694297, 1128379.16709551215171813965,	 0.45090644751699276993,	 0.05090644751699280324,	 0.63873801360665405369,	 29.26833013768334623705,	 45.82212035951768314135,	 104391.27145058127644006163,	 105441.10480770234426017851,	 0.00000000000000000000,	 0.00000000000000000000,	 -406.48893456144986657819,	 0.00000000000000000000,	 0.00000000000000000000,	 -20.32444672807249474999,	 0.05000000000000000278,	 0.06823889082533302064,	 0.00000000000000000000,	 0.00000000000000000000
5.79919999999999991047,	 34.54999999999999715783,	 0.39999999999999996669,	 0.50265482457436694297, 1128379.16709551215171813965,	 0.45103535785926041068,	 0.05103535785926044399,	 0.63910328541215921661,	 29.57764491698248932039,	 46.27991373555182974542,	 104685.87479670315224211663,	 105756.79000438821094576269,	 0.00000000000000000000,	 0.00000000000000000000,	 -410.43268940341363304469,	 0.00000000000000000000,	 0.00000000000000000000,	 -20.52163447017068165223,	 0.05000000000000000278,	 0.06891079280461176459,	 0.00000000000000000000,	 0.00000000000000000000
5.80030000000000001137,	 34.54999999999999715783,	 0.39999999999999996669,	 0.50265482457436694297, 1128379.16709551215171813965,	 0.45116608635529348303,	 0.05116608635529351634,	 0.63947381565027106021,	 29.88934425112193693508,	 46.74052872786968748642,	 104982.48154326553049031645,	 106074.82005614593799691647,	 0.00000000000000000000,	 0.00000000000000000000,	 -414.39753688455658675593,	 0.00000000000000000000,	 0.00000000000000000000,	 -20.71987684422783004834,	 0.05000000000000000278,	 0.06958656475482724590,	 0.00000000000000000000,	 0.00000000000000000000
5.80140000000000011227,	 34.54999999999999715783,	 0.39999999999999996669,	 0.50265482457436694297, 1128379.16709551215171813965,	 0.45129855384535605412,	 0.05129855384535608742,	 0.63984938433646820766,	 30.20324180191013496710,	 47.20367408531817687845,	 105280.94667611276963725686,	 106395.04009968924219720066,	 0.00000000000000000000,	 0.00000000000000000000,	 -418.38090269168645818354,	 0.00000000000000000000,	 0.00000000000000000000,	 -20.91904513458432290918,	 0.05000000000000000278,	 0.07026577362802531590,	 0.00000000000000000000,	 0.00000000000000000000
5.80250000000000021316,	 34.54999999999999715783,	 0.39999999999999996669,	 0.50265482457436694297, 1128379.16709551215171813965,	 0.45143268184888518668,	 0.05143268184888521999,	 0.64022977320788765354,	 30.51915123002367735694,	 47.66905962074629599101,	 105581.12993496801936998963,	 106717.29955753115063998848,	 0.00000000000000000000,	 0.00000000000000000000,	 -422.38022666425621309827,	 0.00000000000000000000,	 0.00000000000000000000,	 -21.11901133321281065491,	 0.05000000000000000278,	 0.07094798835675816817,	 0.00000000000000000000,	 0.00000000000000000000
5.80360000000000031406,	 34.54999999999999715783,	 0.39999999999999996669,	 0.50265482457436694297, 1128379.16709551215171813965,	 0.45156839272674825780,	 0.05156839272674829111,	 0.64061476617813795098,	 30.83688637156474854351,	 48.13639647355526562933,	 105882.89596661040559411049,	 107041.45229934006056282669,	 0.00000000000000000000,	 0.00000000000000000000,	 -426.39296504247067787219,	 0.00000000000000000000,	 0.00000000000000000000,	 -21.31964825212353531469,	 0.05000000000000000278,	 0.07163278023855274013,	 0.00000000000000000000,	 0.00000000000000000000
5.80470000000000041496,	 34.54999999999999715783,	 0.39999999999999996669,	 0.50265482457436694297, 1128379.16709551215171813965,	 0.45170560983495705587,	 0.05170560983495708918,	 0.64100414976919650734,	 31.15626141690647799010,	 48.60539737242695679242,	 106186.11444435911835171282,	 107367.35677122487686574459,	 0.00000000000000000000,	 0.00000000000000000000,	 -430.41659270236874590410,	 0.00000000000000000000,	 0.00000000000000000000,	 -21.52082963511843871629,	 0.05000000000000000278,	 0.07231972331941108334,	 0.00000000000000000000,	 0.00000000000000000000
5.80580000000000051585,	 34.54999999999999715783,	 0.39999999999999996669,	 0.50265482457436694297, 1128379.16709551215171813965,	 0.45184425766935581992,	 0.05184425766935585322,	 0.64139771351898355878,	 31.47709108916771114650,	 49.07577689429364653506,	 106490.66016567577025853097,	 107694.87610456501715816557,	 0.00000000000000000000,	 0.00000000000000000000,	 -434.44860534406194574331,	 0.00000000000000000000,	 0.00000000000000000000,	 -21.72243026720309799771,	 0.05000000000000000278,	 0.07300839477057111115,	 0.00000000000000000000,	 0.00000000000000000000
5.80690000000000061675,	 34.54999999999999715783,	 0.39999999999999996669,	 0.50265482457436694297, 1128379.16709551215171813965,	 0.45198426200132818531,	 0.05198426200132821862,	 0.64179525036470053134,	 31.79919081914801637367,	 49.54725171474564149321,	 106796.41313611801888328046,	 108023.87821236019954085350,	 0.00000000000000000000,	 0.00000000000000000000,	 -438.48652159132075212256,	 0.00000000000000000000,	 0.00000000000000000000,	 -21.92432607956603973776,	 0.05000000000000000278,	 0.07369837525144029566,	 0.00000000000000000000,	 0.00000000000000000000
5.80800000000000071765,	 34.54999999999999715783,	 0.39999999999999996669,	 0.50265482457436694297, 1128379.16709551215171813965,	 0.45212555000473120259,	 0.05212555000473123590,	 0.64219655700247690877,	 32.12237691518594573381,	 50.01954084761941743409,	 107103.25863915307854767889,	 108354.23587245641101617366,	 0.00000000000000000000,	 0.00000000000000000000,	 -442.52788498323974408777,	 0.00000000000000000000,	 0.00000000000000000000,	 -22.12639424916199004656,	 0.05000000000000000971,	 0.07438924925540281452,	 0.00000000000000000000,	 0.00000000000000000000
5.80909999999999993037,	 34.54999999999999715783,	 0.39999999999999996669,	 0.50265482457436694297, 1128379.16709551215171813965,	 0.45226805037404493870,	 0.05226805037404497201,	 0.64260143422323845463,	 32.44646672878190685196,	 50.49236587528385200585,	 107411.08728563520708121359,	 108685.82679147696762811393,	 0.00000000000000000000,	 0.00000000000000000000,	 -446.57026587241352899582,	 0.00000000000000000000,	 0.00000000000000000000,	 -22.32851329362067716033,	 0.05000000000000000278,	 0.07508060544084055321,	 0.00000000000000000000,	 0.00000000000000000000
5.81020000000000003126,	 34.54999999999999715783,	 0.39999999999999996669,	 0.50265482457436694297, 1128379.16709551215171813965,	 0.45241169343343595743,	 0.05241169343343599074,	 0.64300968722388374132,	 32.77127881809511222855,	 50.96545117318703432829,	 107719.79503758333157747984,	 109018.53364422658341936767,	 0.00000000000000000000,	 0.00000000000000000000,	 -450.61126326245727113928,	 0.00000000000000000000,	 0.00000000000000000000,	 -22.53056316312286355696,	 0.05000000000000000278,	 0.07577203695277516526,	 0.00000000000000000000,	 0.00000000000000000000
5.81130000000000013216,	 34.54999999999999715783,	 0.39999999999999996669,	 0.50265482457436694297, 1128379.16709551215171813965,	 0.45255641123628148614,	 0.05255641123628151945,	 0.64342112589241895471,	 33.09663311121166628936,	 51.43852413193140193926,	 108029.28320388126303441823,	 109352.24408631690312176943,	 0.00000000000000000000,	 0.00000000000000000000,	 -454.64850661523524877339,	 0.00000000000000000000,	 0.00000000000000000000,	 -22.73242533076176385975,	 0.05000000000000000278,	 0.07646314174011285825,	 0.00000000000000000000,	 0.00000000000000000000
5.81240000000000023306,	 34.54999999999999715783,	 0.39999999999999996669,	 0.50265482457436694297, 1128379.16709551215171813965,	 0.45270213765473599210,	 0.05270213765473602541,	 0.64383556506578809575,	 33.42235107022262496912,	 51.91131537880713153754,	 108339.45840974233578890562,	 109686.85074192132742609829,	 0.00000000000000000000,	 0.00000000000000000000,	 -458.67965764631327374445,	 0.00000000000000000000,	 0.00000000000000000000,	 -22.93398288231566439777,	 0.05000000000000000278,	 0.07715352287148180555,	 0.00000000000000000000,	 0.00000000000000000000
5.81350000000000033396,	 34.54999999999999715783,	 0.39999999999999996669,	 0.50265482457436694297, 1128379.16709551215171813965,	 0.45284880845914199377,	 0.05284880845914202707,	 0.64425282475975942376,	 33.74825585602523858597,	 52.38355899892234646131,	 108650.23254508864192757756,	 110022.25117178543587215245,	 0.00000000000000000000,	 0.00000000000000000000,	 -462.70241211111522261490,	 0.00000000000000000000,	 0.00000000000000000000,	 -23.13512060555576255183,	 0.05000000000000000278,	 0.07784278884997360148,	 0.00000000000000000000,	 0.00000000000000000000
5.81460000000000043485,	 34.54999999999999715783,	 0.39999999999999996669,	 0.50265482457436694297, 1128379.16709551215171813965,	 0.45299636138738830216,	 0.05299636138738833546,	 0.64467273037108396849,	 34.07417249282914895048,	 52.85499275456479750801,	 108961.52269803774834144861,	 110358.34782758029177784920,	 0.00000000000000000000,	 0.00000000000000000000,	 -466.71450157070785280666,	 0.00000000000000000000,	 0.00000000000000000000,	 -23.33572507853539335088,	 0.05000000000000000278,	 0.07853055392484203923,	 0.00000000000000000000,	 0.00000000000000000000
5.81570000000000053575,	 34.54999999999999715783,	 0.39999999999999996669,	 0.50265482457436694297, 1128379.16709551215171813965,	 0.45314473620454120972,	 0.05314473620454124303,	 0.64509511285276510684,	 34.39992803104433249928,	 53.32535830091722317547,	 109273.25107813376234844327,	 110695.04799709435610566288,	 0.00000000000000000000,	 0.00000000000000000000,	 -470.71369512143803603976,	 0.00000000000000000000,	 0.00000000000000000000,	 -23.53568475607190180199,	 0.05000000000000000278,	 0.07921643839743650051,	 0.00000000000000000000,	 0.00000000000000000000
5.81680000000000063665,	 34.54999999999999715783,	 0.39999999999999996669,	 0.50265482457436694297, 1128379.16709551215171813965,	 0.45329387475329940838,	 0.05329387475329944168,	 0.64551980886393012238,	 34.72535170791763192710,	 53.79440139727366698708,	 109585.34493364515947178006,	 111032.26374449065770022571,	 0.00000000000000000000,	 0.00000000000000000000,	 -474.69780108147921282580,	 0.00000000000000000000,	 0.00000000000000000000,	 -23.73489005407396135183,	 0.05000000000000000278,	 0.07990006892015218132,	 0.00000000000000000000,	 0.00000000000000000000
5.81789999999999984936,	 34.54999999999999715783,	 0.39999999999999996669,	 0.50265482457436694297, 1128379.16709551215171813965,	 0.45344372099596969017,	 0.05344372099596972348,	 0.64594666089620567107,	 35.05027510610369034794,	 54.26187211413693489703,	 109897.73646943495259620249,	 111369.91185210042749531567,	 0.00000000000000000000,	 0.00000000000000000000,	 -478.66466863806653009306,	 0.00000000000000000000,	 0.00000000000000000000,	 -23.93323343190332508357,	 0.04999999999999999584,	 0.08058107878899752052,	 0.00000000000000000000,	 0.00000000000000000000
5.81899999999999995026,	 34.54999999999999715783,	 0.39999999999999996669,	 0.50265482457436694297, 1128379.16709551215171813965,	 0.45359422104885382954,	 0.05359422104885386284,	 0.64637551737905707405,	 35.37453231099133432735,	 54.72752503750304953201,	 110210.36276836166507564485,	 111707.91376672692422289401,	 0.00000000000000000000,	 0.00000000000000000000,	 -482.61218946710238242304,	 0.00000000000000000000,	 0.00000000000000000000,	 -24.13060947335512196332,	 0.05000000000000000278,	 0.08125910823173151942,	 0.00000000000000000000,	 0.00000000000000000000
5.82010000000000005116,	 34.54999999999999715783,	 0.39999999999999996669,	 0.50265482457436694297, 1128379.16709551215171813965,	 0.45374532321020860648,	 0.05374532321020863979,	 0.64680623276733451021,	 35.69796006996267578870,	 55.19111947519488836633,	 110523.16573168933973647654,	 112046.19556615196052007377,	 0.00000000000000000000,	 0.00000000000000000000,	 -486.53829936778214459991,	 0.00000000000000000000,	 0.00000000000000000000,	 -24.32691496838910794054,	 0.05000000000000000278,	 0.08193380469877102612,	 0.00000000000000000000,	 0.00000000000000000000
5.82120000000000015206,	 34.54999999999999715783,	 0.39999999999999996669,	 0.50265482457436694297, 1128379.16709551215171813965,	 0.45389697798381123395,	 0.05389697798381126725,	 0.64723866761675130643,	 36.02039796006302196929,	 55.65241967495016695011,	 110836.09204609182779677212,	 112384.68795393021719064564,	 0.00000000000000000000,	 0.00000000000000000000,	 -490.44097999643503271727,	 0.00000000000000000000,	 0.00000000000000000000,	 -24.52204899982175234641,	 0.05000000000000000278,	 0.08260482317116152329,	 0.00000000000000000000,	 0.00000000000000000000
5.82230000000000025295,	 34.54999999999999715783,	 0.39999999999999996669,	 0.50265482457436694297, 1128379.16709551215171813965,	 0.45404913810091979132,	 0.05404913810091982462,	 0.64767268865520544185,	 36.34168858276752445136,	 56.11119508254324017571,	 111149.09323272426263429224,	 112723.32633951987372711301,	 0.00000000000000000000,	 0.00000000000000000000,	 -494.31826094621158063092,	 0.00000000000000000000,	 0.00000000000000000000,	 -24.71591304731058258426,	 0.05000000000000000971,	 0.08327182652736818402,	 0.00000000000000000000,	 0.00000000000000000000
5.82340000000000035385,	 34.54999999999999715783,	 0.39999999999999996669,	 0.50265482457436694297, 1128379.16709551215171813965,	 0.45420175854968208862,	 0.05420175854968212192,	 0.64810816887574607126,	 36.66167780535585762891,	 56.56722066773479440371,	 111462.12605401832843199372,	 113062.05128105443145614117,	 0.00000000000000000000,	 0.00000000000000000000,	 -498.16822240724354742269,	 0.00000000000000000000,	 0.00000000000000000000,	 -24.90841112036218163439,	 0.05000000000000000971,	 0.08393448600927354286,	 0.00000000000000000000,	 0.00000000000000000000
5.82450000000000045475,	 34.54999999999999715783,	 0.39999999999999996669,	 0.50265482457436694297, 1128379.16709551215171813965,	 0.45435479814903967366,	 0.05435479814903970697,	 0.64854499203916671224,	 36.98021341833449326941,	 57.02027441775573635141,	 111775.18702973057224880904,	 113400.84287706865870859474,	 0.00000000000000000000,	 0.00000000000000000000,	 -501.98897117447552318481,	 0.00000000000000000000,	 0.00000000000000000000,	 -25.09944855872377900141,	 0.05000000000000000278,	 0.08459247734145082520,	 0.00000000000000000000,	 0.00000000000000000000
5.82560000000000055564,	 34.54999999999999715783,	 0.39999999999999996669,	 0.50265482457436694297, 1128379.16709551215171813965,	 0.45450821180430939217,	 0.05450821180430942547,	 0.64898303057503503588,	 37.29714382862939459073,	 57.47013723237424898116,	 112088.07467844818893354386,	 113739.48301520216045901179,	 0.00000000000000000000,	 0.00000000000000000000,	 -505.77864812808519445753,	 0.00000000000000000000,	 0.00000000000000000000,	 -25.28893240640426043342,	 0.05000000000000000278,	 0.08524548128365190547,	 0.00000000000000000000,	 0.00000000000000000000
5.82670000000000065654,	 34.54999999999999715783,	 0.39999999999999996669,	 0.50265482457436694297, 1128379.16709551215171813965,	 0.45466196098062483522,	 0.05466196098062486852,	 0.64942217548150382722,	 37.61232020094269756783,	 57.91659358268084645260,	 112400.90644360950682312250,	 114078.07234972022706642747,	 0.00000000000000000000,	 0.00000000000000000000,	 -509.53542238515024109802,	 0.00000000000000000000,	 0.00000000000000000000,	 -25.47677111925751347599,	 0.05000000000000000278,	 0.08589318362690427644,	 0.00000000000000000000,	 0.00000000000000000000
5.82779999999999986926,	 34.54999999999999715783,	 0.39999999999999996669,	 0.50265482457436694297, 1128379.16709551215171813965,	 0.45481600932958660133,	 0.05481600932958663464,	 0.64986232385836739667,	 37.92560047139380685621,	 58.35943872883974847809,	 112713.62153347059211228043,	 114416.53357784319086931646,	 0.00000000000000000000,	 0.00000000000000000000,	 -513.25755937978897236462,	 0.00000000000000000000,	 0.00000000000000000000,	 -25.66287796898945217094,	 0.05000000000000000971,	 0.08653528628360028507,	 0.00000000000000000000,	 0.00000000000000000000
5.82889999999999997016,	 34.54999999999999715783,	 0.39999999999999996669,	 0.50265482457436694297, 1128379.16709551215171813965,	 0.45497032248250673936,	 0.05497032248250677267,	 0.65030337832585094482,	 38.23684595958765441992,	 58.79847350328251565088,	 113026.19350021152058616281,	 114754.82374336963403038681,	 0.00000000000000000000,	 0.00000000000000000000,	 -516.94337496523871777754,	 0.00000000000000000000,	 0.00000000000000000000,	 -25.84716874826193944159,	 0.05000000000000000971,	 0.08717149955058567379,	 0.00000000000000000000,	 0.00000000000000000000
5.83000000000000007105,	 34.54999999999999715783,	 0.39999999999999996669,	 0.50265482457436694297, 1128379.16709551215171813965,	 0.45512486813996860802,	 0.05512486813996864132,	 0.65074524728968963228,	 38.54592147376702371275,	 59.23350440792031434967,	 113338.59967140448861755431,	 115092.90369362605269998312,	 0.00000000000000000000,	 0.00000000000000000000,	 -520.59123598320900327963,	 0.00000000000000000000,	 0.00000000000000000000,	 -26.02956179916045087452,	 0.05000000000000000278,	 0.08780154222924575758,	 0.00000000000000000000,	 0.00000000000000000000
5.83110000000000017195,	 34.54999999999999715783,	 0.39999999999999996669,	 0.50265482457436694297, 1128379.16709551215171813965,	 0.45527961603561484250,	 0.05527961603561487580,	 0.65118784484706404569,	 38.85269534846457162303,	 59.66434363895320558413,	 113650.82056720307446084917,	 115430.73751813662238419056,	 0.00000000000000000000,	 0.00000000000000000000,	 -524.19956033600124101213,	 0.00000000000000000000,	 0.00000000000000000000,	 -26.20997801680006489278,	 0.05000000000000000278,	 0.08842514164997897219,	 0.00000000000000000000,	 0.00000000000000000000
5.83220000000000027285,	 34.54999999999999715783,	 0.39999999999999996669,	 0.50265482457436694297, 1128379.16709551215171813965,	 0.45543453789223231620,	 0.05543453789223234951,	 0.65163109067038993416,	 39.15703950419425893870,	 60.09080914771882220293,	 113962.83969891769811511040,	 115768.29237093147821724415,	 0.00000000000000000000,	 0.00000000000000000000,	 -527.76681738562285772787,	 0.00000000000000000000,	 0.00000000000000000000,	 -26.38834086928114430748,	 0.05000000000000000278,	 0.08904203375094603412,	 0.00000000000000000000,	 0.00000000000000000000
5.83330000000000037375,	 34.54999999999999715783,	 0.39999999999999996669,	 0.50265482457436694297, 1128379.16709551215171813965,	 0.45558960737256970486,	 0.05558960737256973816,	 0.65207490987586524955,	 39.45882950097286823166,	 60.51272469367760464820,	 114274.64336984498368110508,	 116105.53829477139515802264,	 0.00000000000000000000,	 0.00000000000000000000,	 -531.29152829152940284985,	 0.00000000000000000000,	 0.00000000000000000000,	 -26.56457641457647156358,	 0.05000000000000000278,	 0.08965196314580702042,	 0.00000000000000000000,	 0.00000000000000000000
5.83440000000000047464,	 34.54999999999999715783,	 0.39999999999999996669,	 0.50265482457436694297, 1128379.16709551215171813965,	 0.45574480002560269210,	 0.05574480002560272540,	 0.65251923287877289237,	 39.75794458405233910980,	 60.92991988703373351655,	 114586.22046750546724069864,	 116442.44803622564359102398,	 0.00000000000000000000,	 0.00000000000000000000,	 -534.77226626489925820351,	 0.00000000000000000000,	 0.00000000000000000000,	 -26.73861331324496504180,	 0.05000000000000000278,	 0.09025468317673022989,	 0.00000000000000000000,	 0.00000000000000000000
5.83550000000000057554,	 34.54999999999999715783,	 0.39999999999999996669,	 0.50265482457436694297, 1128379.16709551215171813965,	 0.45590009322888236376,	 0.05590009322888239707,	 0.65296399523731707415,	 40.05426772989837758132,	 61.34223023329305846119,	 114897.56230526918079704046,	 116778.99691026634536683559,	 0.00000000000000000000,	 0.00000000000000000000,	 -538.20765684727780353569,	 0.00000000000000000000,	 0.00000000000000000000,	 -26.91038284236389088733,	 0.05000000000000000278,	 0.09084995597088491026,	 0.00000000000000000000,	 0.00000000000000000000
5.83660000000000067644,	 34.54999999999999715783,	 0.39999999999999996669,	 0.50265482457436694297, 1128379.16709551215171813965,	 0.45605546612647679394,	 0.05605546612647682725,	 0.65340913748355133883,	 40.34768567281992091011,	 61.74949714999297611939,	 115208.66239228905760683119,	 117115.16259142755006905645,	 0.00000000000000000000,	 0.00000000000000000000,	 -541.59637795344940514042,	 0.00000000000000000000,	 0.00000000000000000000,	 -27.07981889767247452028,	 0.05000000000000000971,	 0.09143755245642112839,	 0.00000000000000000000,	 0.00000000000000000000
5.83769999999999988916,	 34.54999999999999715783,	 0.39999999999999996669,	 0.50265482457436694297, 1128379.16709551215171813965,	 0.45621089956527716147,	 0.05621089956527719478,	 0.65385460494930092157,	 40.63808894445336505896,	 62.15156800433391737215,	 115519.51628792341216467321,	 117450.92499062207934912294,	 0.00000000000000000000,	 0.00000000000000000000,	 -544.93716010343530342652,	 0.00000000000000000000,	 0.00000000000000000000,	 -27.24685800517176303970,	 0.04999999999999999584,	 0.09201725240988407883,	 0.00000000000000000000,	 0.00000000000000000000
5.83879999999999999005,	 34.54999999999999715783,	 0.39999999999999996669,	 0.50265482457436694297, 1128379.16709551215171813965,	 0.45636637602571505923,	 0.05636637602571509253,	 0.65430034757572708148,	 40.92537187929871578262,	 62.54829610122148864093,	 115830.12135136077995412052,	 117786.26602394382643979043,	 0.00000000000000000000,	 0.00000000000000000000,	 -548.22878623027270350576,	 0.00000000000000000000,	 0.00000000000000000000,	 -27.41143931151363588583,	 0.05000000000000000278,	 0.09258884443109811901,	 0.00000000000000000000,	 0.00000000000000000000
5.83990000000000009095,	 34.54999999999999715783,	 0.39999999999999996669,	 0.50265482457436694297, 1128379.16709551215171813965,	 0.45652187955268147546,	 0.05652187955268150876,	 0.65474631972309138561,	 41.20943264845283238174,	 62.93954071537405781100,	 116140.47664070539758540690,	 118121.16953343650675378740,	 0.00000000000000000000,	 0.00000000000000000000,	 -551.47009187857327106030,	 0.00000000000000000000,	 0.00000000000000000000,	 -27.57350459392866426356,	 0.05000000000000000278,	 0.09315212598365985031,	 0.00000000000000000000,	 0.00000000000000000000
5.84100000000000019185,	 34.54999999999999715783,	 0.39999999999999996669,	 0.50265482457436694297, 1128379.16709551215171813965,	 0.45667739568186432875,	 0.05667739568186436205,	 0.65519247996699603309,	 41.49017324830214903386,	 63.32516705685042524010,	 116450.58261197012325283140,	 118455.62100335913419257849,	 0.00000000000000000000,	 0.00000000000000000000,	 -554.65996482965590530512,	 0.00000000000000000000,	 0.00000000000000000000,	 -27.73299824148280023905,	 0.05000000000000000971,	 0.09370690333772740965,	 0.00000000000000000000,	 0.00000000000000000000
5.84210000000000029274,	 34.54999999999999715783,	 0.39999999999999996669,	 0.50265482457436694297, 1128379.16709551215171813965,	 0.45683291136362352836,	 0.05683291136362356166,	 0.65563879088714205334,	 41.76749950606924244312,	 63.70504626419955229721,	 116760.44100615936622489244,	 118789.60746592127543408424,	 0.00000000000000000000,	 0.00000000000000000000,	 -557.79734497712217944354,	 0.00000000000000000000,	 0.00000000000000000000,	 -27.88986724885610968272,	 0.05000000000000000278,	 0.09425299155440008958,	 0.00000000000000000000,	 0.00000000000000000000
5.84320000000000039364,	 34.54999999999999715783,	 0.39999999999999996669,	 0.50265482457436694297, 1128379.16709551215171813965,	 0.45698841488750130413,	 0.05698841488750133744,	 0.65608521885747739244,	 42.04132108458386340999,	 64.07905539740040978813,	 117070.05468609074887353927,	 119123.11735640230472199619,	 0.00000000000000000000,	 0.00000000000000000000,	 -560.88122420499439613195,	 0.00000000000000000000,	 0.00000000000000000000,	 -28.04406121024972264877,	 0.05000000000000000278,	 0.09479021447015721635,	 0.00000000000000000000,	 0.00000000000000000000
5.84430000000000049454,	 34.54999999999999715783,	 0.39999999999999996669,	 0.50265482457436694297, 1128379.16709551215171813965,	 0.45714389580391834311,	 0.05714389580391837642,	 0.65653173382783147627,	 42.31155145953373164502,	 64.44707739082340935965,	 117379.42737478706112597138,	 119456.14026689645834267139,	 0.00000000000000000000,	 0.00000000000000000000,	 -563.91064592463942517497,	 0.00000000000000000000,	 0.00000000000000000000,	 -28.19553229623197054821,	 0.04999999999999999584,	 0.09531840462289334348,	 0.00000000000000000000,	 0.00000000000000000000
5.84540000000000059543,	 34.54999999999999715783,	 0.39999999999999996669,	 0.50265482457436694297, 1128379.16709551215171813965,	 0.45729934484222189983,	 0.05729934484222193314,	 0.65697830909461263360,	 42.57810789500559423004,	 64.80900100595839319340,	 117688.56350500123517122120,	 119788.66681069639162160456,	 0.00000000000000000000,	 0.00000000000000000000,	 -566.88470462006796424248,	 0.00000000000000000000,	 0.00000000000000000000,	 -28.34423523100339892267,	 0.05000000000000000278,	 0.09583740317848822576,	 0.00000000000000000000,	 0.00000000000000000000
5.84650000000000069633,	 34.54999999999999715783,	 0.39999999999999996669,	 0.50265482457436694297, 1128379.16709551215171813965,	 0.45745475383021411142,	 0.05745475383021414473,	 0.65742492107528582856,	 42.84091142771601568029,	 65.16472079830091956865,	 117997.46805574643076397479,	 120120.68847410668968223035,	 0.00000000000000000000,	 0.00000000000000000000,	 -569.80254552114263333351,	 0.00000000000000000000,	 0.00000000000000000000,	 -28.49012727605713024559,	 0.04999999999999999584,	 0.09634705987865746502,	 0.00000000000000000000,	 0.00000000000000000000
5.84759999999999990905,	 34.54999999999999715783,	 0.39999999999999996669,	 0.50265482457436694297, 1128379.16709551215171813965,	 0.45761011561221076605,	 0.05761011561221079935,	 0.65787154907815303950,	 43.09988683587922508877,	 65.51413706258195190912,	 118306.14636560992221347988,	 120452.19744313730916474015,	 0.00000000000000000000,	 0.00000000000000000000,	 -572.66336409486291358917,	 0.00000000000000000000,	 0.00000000000000000000,	 -28.63316820474314639000,	 0.05000000000000000278,	 0.09684723295741357041,	 0.00000000000000000000,	 0.00000000000000000000
5.84870000000000000995,	 34.54999999999999715783,	 0.39999999999999996669,	 0.50265482457436694297, 1128379.16709551215171813965,	 0.45776542396625685694,	 0.05776542396625689024,	 0.65831817506922851724,	 43.35496260193777118275,	 65.85715577027563938373,	 118614.60395870135107543319,	 120783.18644177653186488897,	 0.00000000000000000000,	 0.00000000000000000000,	 -575.46640547609524674044,	 0.00000000000000000000,	 0.00000000000000000000,	 -28.77332027380476020539,	 0.04999999999999999584,	 0.09733778904670041532,	 0.00000000000000000000,	 0.00000000000000000000
5.84980000000000011084,	 34.54999999999999715783,	 0.39999999999999996669,	 0.50265482457436694297, 1128379.16709551215171813965,	 0.45792067352091825327,	 0.05792067352091828658,	 0.65876478343740985100,	 43.60607086981043067908,	 66.19368850028016026954,	 118922.84637567911704536527,	 121113.64857431517157237977,	 0.00000000000000000000,	 0.00000000000000000000,	 -578.21096384508507526334,	 0.00000000000000000000,	 0.00000000000000000000,	 -28.91054819225425376317,	 0.05000000000000000278,	 0.09781860307248350928,	 0.00000000000000000000,	 0.00000000000000000000
5.85090000000000021174,	 34.54999999999999715783,	 0.39999999999999996669,	 0.50265482457436694297, 1128379.16709551215171813965,	 0.45807585967188180209,	 0.05807585967188183540,	 0.65921136075860575776,	 43.85314739729639654797,	 66.52365236368373757614,	 119230.87900825013639405370,	 121443.57717015226080548018,	 0.00000000000000000000,	 0.00000000000000000000,	 -580.89638175942650377692,	 0.00000000000000000000,	 0.00000000000000000000,	 -29.04481908797132660993,	 0.05000000000000000278,	 0.09828955814261988722,	 0.00000000000000000000,	 0.00000000000000000000
5.85200000000000031264,	 34.54999999999999715783,	 0.39999999999999996669,	 0.50265482457436694297, 1128379.16709551215171813965,	 0.45823097849855343178,	 0.05823097849855346508,	 0.65965789555936926725,	 44.09613150398566006061,	 66.84696992308948892969,	 119538.70693768253840971738,	 121772.96563163175596855581,	 0.00000000000000000000,	 0.00000000000000000000,	 -583.52204944433299260709,	 0.00000000000000000000,	 0.00000000000000000000,	 -29.17610247221664820927,	 0.04999999999999999584,	 0.09875054542718343653,	 0.00000000000000000000,	 0.00000000000000000000
5.85310000000000041354,	 34.54999999999999715783,	 0.39999999999999996669,	 0.50265482457436694297, 1128379.16709551215171813965,	 0.45838602668087524705,	 0.05838602668087528036,	 0.66010437808067035093,	 44.33496601473697040774,	 67.16356910651919065458,	 119846.33477826758462470025,	 122101.80728583066957071424,	 0.00000000000000000000,	 0.00000000000000000000,	 -586.08740404103048149409,	 0.00000000000000000000,	 0.00000000000000000000,	 -29.30437020205152620633,	 0.05000000000000000278,	 0.09920146403124578682,	 0.00000000000000000000,	 0.00000000000000000000
5.85420000000000051443,	 34.54999999999999715783,	 0.39999999999999996669,	 0.50265482457436694297, 1128379.16709551215171813965,	 0.45854100141658654666,	 0.05854100141658657996,	 0.66055080004245592118,	 44.56959719877116299358,	 67.47338311588831061272,	 120153.76652594836195930839,	 122430.09524050008621998131,	 0.00000000000000000000,	 0.00000000000000000000,	 -588.59192881282558573730,	 0.00000000000000000000,	 0.00000000000000000000,	 -29.42959644064127999741,	 0.05000000000000000278,	 0.09964222086006946366,	 0.00000000000000000000,	 0.00000000000000000000
5.85530000000000061533,	 34.54999999999999715783,	 0.39999999999999996669,	 0.50265482457436694297, 1128379.16709551215171813965,	 0.45869590033912888138,	 0.05869590033912891469,	 0.66099715440958362045,	 44.79997470448292773426,	 67.77635033012992948898,	 120461.00541196898848284036,	 122757.82224400523409713060,	 0.00000000000000000000,	 0.00000000000000000000,	 -591.03515230914990752353,	 0.00000000000000000000,	 0.00000000000000000000,	 -29.55175761545749679726,	 0.05000000000000000278,	 0.10007273047679704492,	 0.00000000000000000000,	 0.00000000000000000000
5.85640000000000071623,	 34.54999999999999715783,	 0.39999999999999996669,	 0.50265482457436694297, 1128379.16709551215171813965,	 0.45885072143681471246,	 0.05885072143681474577,	 0.66144343516091164137,	 45.02605149524638505909,	 68.07241421073706533207,	 120768.05378606291196774691,	 123084.98057430199696682394,	 0.00000000000000000000,	 0.00000000000000000000,	 -593.41664755439092004963,	 0.00000000000000000000,	 0.00000000000000000000,	 -29.67083237771954884465,	 0.05000000000000000278,	 0.10049291496402804058,	 0.00000000000000000000,	 0.00000000000000000000
5.85749999999999992895,	 34.54999999999999715783,	 0.39999999999999996669,	 0.50265482457436694297, 1128379.16709551215171813965,	 0.45900546297336569657,	 0.05900546297336572987,	 0.66188963706186831892,	 45.24778377424834019394,	 68.36152319154518863797,	 121074.91293894214322790504,	 123411.56186547622201032937,	 0.00000000000000000000,	 0.00000000000000000000,	 -595.73603110263582038897,	 0.00000000000000000000,	 0.00000000000000000000,	 -29.78680155513179172999,	 0.05000000000000000278,	 0.10090270376241403105,	 0.00000000000000000000,	 0.00000000000000000000
5.85860000000000002984,	 34.54999999999999715783,	 0.39999999999999996669,	 0.50265482457436694297, 1128379.16709551215171813965,	 0.45916012340657147428,	 0.05916012340657150759,	 0.66233575543112999107,	 45.46513089428685105986,	 68.64363054761028593020,	 121381.58296157102449797094,	 123737.55696894942957442254,	 0.00000000000000000000,	 0.00000000000000000000,	 -597.99296191780615572497,	 0.00000000000000000000,	 0.00000000000000000000,	 -29.89964809589030991788,	 0.05000000000000000278,	 0.10130203347904362388,	 0.00000000000000000000,	 0.00000000000000000000
5.85970000000000013074,	 34.54999999999999715783,	 0.39999999999999996669,	 0.50265482457436694297, 1128379.16709551215171813965,	 0.45931470131102691834,	 0.05931470131102695165,	 0.66278178591859626678,	 45.67805528944868598273,	 68.91869429715880812637,	 121688.06267073248454835266,	 124062.95588254509493708611,	 0.00000000000000000000,	 0.00000000000000000000,	 -600.18714054171061889065,	 0.00000000000000000000,	 0.00000000000000000000,	 -30.00935702708553520779,	 0.05000000000000000971,	 0.10169084774462260057,	 0.00000000000000000000,	 0.00000000000000000000
5.86080000000000023164,	 34.54999999999999715783,	 0.39999999999999996669,	 0.50265482457436694297, 1128379.16709551215171813965,	 0.45946919530362623219,	 0.05946919530362626549,	 0.66322772429087162305,	 45.88652240183554198438,	 69.18667709631375828394,	 121994.34949988622975070029,	 124387.74764370101911481470,	 0.00000000000000000000,	 0.00000000000000000000,	 -602.31830819991171210859,	 0.00000000000000000000,	 0.00000000000000000000,	 -30.11591540999559057923,	 0.05000000000000000971,	 0.10206909706006184191,	 0.00000000000000000000,	 0.00000000000000000000
5.86190000000000033253,	 34.54999999999999715783,	 0.39999999999999996669,	 0.50265482457436694297, 1128379.16709551215171813965,	 0.45962360396746126945,	 0.05962360396746130276,	 0.66367356621170303654,	 46.09050057505135100655,	 69.44754608525283856579,	 122300.43929662137816194445,	 124711.92012525303289294243,	 0.00000000000000000000,	 0.00000000000000000000,	 -604.38624549116354955913,	 0.00000000000000000000,	 0.00000000000000000000,	 -30.21931227455817747796,	 0.05000000000000000278,	 0.10243673857196025634,	 0.00000000000000000000,	 0.00000000000000000000
5.86300000000000043343,	 34.54999999999999715783,	 0.39999999999999996669,	 0.50265482457436694297, 1128379.16709551215171813965,	 0.45977792577909548655,	 0.05977792577909551985,	 0.66411930703172861179,	 46.28996098120233426698,	 69.70127278499796830147,	 122606.32632173362071625888,	 125035.46003565797582268715,	 0.00000000000000000000,	 0.00000000000000000000,	 -606.39077151769629381306,	 0.00000000000000000000,	 0.00000000000000000000,	 -30.31953857588481682228,	 0.05000000000000000278,	 0.10279373592279388017,	 0.00000000000000000000,	 0.00000000000000000000
5.86410000000000053433,	 34.54999999999999715783,	 0.39999999999999996669,	 0.50265482457436694297, 1128379.16709551215171813965,	 0.45993215903805212408,	 0.05993215903805215738,	 0.66456494158419954221,	 46.48487752367118019947,	 69.94783295799483369137,	 122912.00307325777248479426,	 125358.35274101754475850612,	 0.00000000000000000000,	 0.00000000000000000000,	 -608.33174270127756244619,	 0.00000000000000000000,	 0.00000000000000000000,	 -30.41658713506387812231,	 0.05000000000000000278,	 0.10314005904777598377,	 0.00000000000000000000,	 0.00000000000000000000
5.86520000000000063523,	 34.54999999999999715783,	 0.39999999999999996669,	 0.50265482457436694297, 1128379.16709551215171813965,	 0.46008630179764298251,	 0.06008630179764301582,	 0.66501046398417273942,	 46.67522674834552987022,	 70.18720648199665390621,	 123217.46023625299858395010,	 125680.58221312621026299894,	 0.00000000000000000000,	 0.00000000000000000000,	 -610.20905171714207426703,	 0.00000000000000000000,	 0.00000000000000000000,	 -30.51045258585710584498,	 0.05000000000000000278,	 0.10347568399152340390,	 0.00000000000000000000,	 0.00000000000000000000
5.86629999999999984794,	 34.54999999999999715783,	 0.39999999999999996669,	 0.50265482457436694297, 1128379.16709551215171813965,	 0.46024035179821132235,	 0.06024035179821135566,	 0.66545586743427986853,	 46.86098774736917960126,	 70.41937721286551266076,	 123522.68657421022362541407,	 126002.13091773414635099471,	 0.00000000000000000000,	 0.00000000000000000000,	 -612.02262633190684937290,	 0.00000000000000000000,	 0.00000000000000000000,	 -30.60113131659534246864,	 0.05000000000000000278,	 0.10380059270841761332,	 0.00000000000000000000,	 0.00000000000000000000
5.86739999999999994884,	 34.54999999999999715783,	 0.39999999999999996669,	 0.50265482457436694297, 1128379.16709551215171813965,	 0.46039430640256351346,	 0.06039430640256354677,	 0.66590114403644729002,	 47.04214206354949823208,	 70.64433284856274042340,	 123827.66885272457147948444,	 126322.97973453383019659668,	 0.00000000000000000000,	 0.00000000000000000000,	 -613.77242825233497569570,	 0.00000000000000000000,	 0.00000000000000000000,	 -30.68862141261675091641,	 0.05000000000000000278,	 0.10411477286476757131,	 0.00000000000000000000,	 0.00000000000000000000
5.86850000000000004974,	 34.54999999999999715783,	 0.39999999999999996669,	 0.50265482457436694297, 1128379.16709551215171813965,	 0.46054816253372454771,	 0.06054816253372458101,	 0.66634628460996558896,	 47.21867359201273472991,	 70.86206478910793293835,	 124132.39176437053538393229,	 126643.10787745840207207948,	 0.00000000000000000000,	 0.00000000000000000000,	 -615.45845193916215976060,	 0.00000000000000000000,	 0.00000000000000000000,	 -30.77292259695811083020,	 0.05000000000000000278,	 0.10441821763504320619,	 0.00000000000000000000,	 0.00000000000000000000
5.86960000000000015064,	 34.54999999999999715783,	 0.39999999999999996669,	 0.50265482457436694297, 1128379.16709551215171813965,	 0.46070191661517911896,	 0.06070191661517915227,	 0.66679127851639963254,	 47.39056848038934788292,	 71.07256799433945104738,	 124436.83786145831982139498,	 126962.49282211331592407078,	 0.00000000000000000000,	 0.00000000000000000000,	 -617.08072340151204571157,	 0.00000000000000000000,	 0.00000000000000000000,	 -30.85403617007560583829,	 0.05000000000000000278,	 0.10471092549484767309,	 0.00000000000000000000,	 0.00000000000000000000
5.87070000000000025153,	 34.54999999999999715783,	 0.39999999999999996669,	 0.50265482457436694297, 1128379.16709551215171813965,	 0.46085556451368769881,	 0.06085556451368773212,	 0.66723611349161171535,	 47.55781502768793700398,	 71.27584083963976979703,	 124740.98749638402659911662,	 127281.11024008285312447697,	 0.00000000000000000000,	 0.00000000000000000000,	 -618.63929897301125038211,	 0.00000000000000000000,	 0.00000000000000000000,	 -30.93196494865056322965,	 0.05000000000000000278,	 0.10499290001084203572,	 0.00000000000000000000,	 0.00000000000000000000
5.87180000000000035243,	 34.54999999999999715783,	 0.39999999999999996669,	 0.50265482457436694297, 1128379.16709551215171813965,	 0.46100910148480134243,	 0.06100910148480137574,	 0.66768077548527771103,	 47.72040358245474322985,	 71.47188497043521238083,	 125044.81876868073595687747,	 127598.93393929429294075817,	 0.00000000000000000000,	 0.00000000000000000000,	 -620.13426407627230219077,	 0.00000000000000000000,	 0.00000000000000000000,	 -31.00671320381361439900,	 0.04999999999999999584,	 0.10526414962878488657,	 0.00000000000000000000,	 0.00000000000000000000
5.87290000000000045333,	 34.54999999999999715783,	 0.39999999999999996669,	 0.50265482457436694297, 1128379.16709551215171813965,	 0.46116252212120251164,	 0.06116252212120254494,	 0.66812524850828347578,	 47.87832644104025803244,	 71.66070515661205320157,	 125348.30748004712222609669,	 127915.93581181856279727072,	 0.00000000000000000000,	 0.00000000000000000000,	 -621.56573198529110868549,	 0.00000000000000000000,	 0.00000000000000000000,	 -31.07828659926455472373,	 0.04999999999999999584,	 0.10552468746133734923,	 0.00000000000000000000,	 0.00000000000000000000
5.87400000000000055422,	 34.54999999999999715783,	 0.39999999999999996669,	 0.50265482457436694297, 1128379.16709551215171813965,	 0.46131582030396361960,	 0.06131582030396365290,	 0.66856951448828705331,	 48.03157774650002664885,	 71.84230914755762853474,	 125651.42709715566888917238,	 128232.08578898229461628944,	 0.00000000000000000000,	 0.00000000000000000000,	 -622.93384259157051019429,	 0.00000000000000000000,	 0.00000000000000000000,	 -31.14669212957852550971,	 0.05000000000000000278,	 0.10577453107664863685,	 0.00000000000000000000,	 0.00000000000000000000
5.87510000000000065512,	 34.54999999999999715783,	 0.39999999999999996669,	 0.50265482457436694297, 1128379.16709551215171813965,	 0.46146898915678330466,	 0.06146898915678333797,	 0.66901355313364341271,	 48.18015338831072114090,	 72.01670752802546360272,	 125954.14872082341753412038,	 128547.35180241199850570410,	 0.00000000000000000000,	 0.00000000000000000000,	 -624.23876117541578878445,	 0.00000000000000000000,	 0.00000000000000000000,	 -31.21193805877079441302,	 0.05000000000000000971,	 0.10601370228799067430,	 0.00000000000000000000,	 0.00000000000000000000
5.87619999999999986784,	 34.54999999999999715783,	 0.39999999999999996669,	 0.50265482457436694297, 1128379.16709551215171813965,	 0.46162202100320864906,	 0.06162202100320868237,	 0.66945734180573590599,	 48.32405090286728466253,	 72.18391357472037839216,	 126256.44106058885517995805,	 128861.69975007019820623100,	 0.00000000000000000000,	 0.00000000000000000000,	 -625.48067718128754677309,	 0.00000000000000000000,	 0.00000000000000000000,	 -31.27403385906437804920,	 0.05000000000000000278,	 0.10624222694427067071,	 0.00000000000000000000,	 0.00000000000000000000
5.87729999999999996874,	 34.54999999999999715783,	 0.39999999999999996669,	 0.50265482457436694297, 1128379.16709551215171813965,	 0.46177490732680076535,	 0.06177490732680079866,	 0.66990085539961485850,	 48.46326937451424754499,	 72.34394311320073711613,	 126558.27041389698570128530,	 129175.09346648000064305961,	 0.00000000000000000000,	 0.00000000000000000000,	 -626.65980299360455774149,	 0.00000000000000000000,	 0.00000000000000000000,	 -31.33299014968022788707,	 0.05000000000000000278,	 0.10646013472081805595,	 0.00000000000000000000,	 0.00000000000000000000
5.87840000000000006963,	 34.54999999999999715783,	 0.39999999999999996669,	 0.50265482457436694297, 1128379.16709551215171813965,	 0.46192763873417713727,	 0.06192763873417717058,	 0.67034406623277009718,	 48.59780933684814385742,	 72.49681437468419176184,	 126859.60064946865895763040,	 129487.49469670736289117485,	 0.00000000000000000000,	 0.00000000000000000000,	 -627.77637270934997104632,	 0.00000000000000000000,	 0.00000000000000000000,	 -31.38881863546750139449,	 0.05000000000000000278,	 0.10666745890983145295,	 0.00000000000000000000,	 0.00000000000000000000
5.87950000000000017053,	 34.54999999999999715783,	 0.39999999999999996669,	 0.50265482457436694297, 1128379.16709551215171813965,	 0.46208020492086171460,	 0.06208020492086174791,	 0.67078694394185800487,	 48.72767267411595781823,	 72.64254785248107282314,	 127160.39319492522918153554,	 129798.86307417522766627371,	 0.00000000000000000000,	 0.00000000000000000000,	 -628.83064090505422427668,	 0.00000000000000000000,	 0.00000000000000000000,	 -31.44153204525271405601,	 0.05000000000000000278,	 0.10686423621007609674,	 0.00000000000000000000,	 0.00000000000000000000
5.88060000000000027143,	 34.54999999999999715783,	 0.39999999999999996669,	 0.50265482457436694297, 1128379.16709551215171813965,	 0.46223259463989818663,	 0.06223259463989821993,	 0.67122945538727851744,	 48.85286252277493446172,	 72.78116615813344481012,	 127460.60702931239211466163,	 130109.15610298130195587873,	 0.00000000000000000000,	 0.00000000000000000000,	 -629.82288139877744015394,	 0.00000000000000000000,	 0.00000000000000000000,	 -31.49114406993887271824,	 0.05000000000000000278,	 0.10705050651594183453,	 0.00000000000000000000,	 0.00000000000000000000
5.88170000000000037232,	 34.54999999999999715783,	 0.39999999999999996669,	 0.50265482457436694297, 1128379.16709551215171813965,	 0.46238479567322682273,	 0.06238479567322685604,	 0.67167156456562193689,	 48.97338317349930747469,	 72.91269387765578358085,	 127760.19868136860895901918,	 130418.32914561698271427304,	 0.00000000000000000000,	 0.00000000000000000000,	 -630.75338601041812580661,	 0.00000000000000000000,	 0.00000000000000000000,	 -31.53766930052091055359,	 0.05000000000000000971,	 0.10722631270643470658,	 0.00000000000000000000,	 0.00000000000000000000
5.88280000000000047322,	 34.54999999999999715783,	 0.39999999999999996669,	 0.50265482457436694297, 1128379.16709551215171813965,	 0.46253679480587084338,	 0.06253679480587087669,	 0.67211323253013921519,	 49.08923997414392914607,	 73.03715742859243675866,	 128059.12223462105612270534,	 130726.33541724555834662169,	 0.00000000000000000000,	 0.00000000000000000000,	 -631.62246332637414525379,	 0.00000000000000000000,	 0.00000000000000000000,	 -31.58112316631870797323,	 0.05000000000000000278,	 0.10739170043514043029,	 0.00000000000000000000,	 0.00000000000000000000
5.88390000000000057412,	 34.54999999999999715783,	 0.39999999999999996669,	 0.50265482457436694297, 1128379.16709551215171813965,	 0.46268857780302602434,	 0.06268857780302605764,	 0.67255441731953502504,	 49.20043923430183241408,	 73.15458491877896562983,	 128357.32934034460049588233,	 131033.12598766402516048402,	 0.00000000000000000000,	 0.00000000000000000000,	 -632.43043747599961079686,	 0.00000000000000000000,	 0.00000000000000000000,	 -31.62152187379998480310,	 0.05000000000000000971,	 0.10754671792244356598,	 0.00000000000000000000,	 0.00000000000000000000
5.88500000000000067502,	 34.54999999999999715783,	 0.39999999999999996669,	 0.50265482457436694297, 1128379.16709551215171813965,	 0.46284012939017532551,	 0.06284012939017535881,	 0.67299507389545554226,	 49.30698813205084718447,	 73.26500600762241788289,	 128654.76923880823596846312,	 131338.64979145670076832175,	 0.00000000000000000000,	 0.00000000000000000000,	 -633.17764692663331516087,	 0.00000000000000000000,	 0.00000000000000000000,	 -31.65888234633166575804,	 0.05000000000000000278,	 0.10769141575117771592,	 0.00000000000000000000,	 0.00000000000000000000
5.88609999999999988773,	 34.54999999999999715783,	 0.39999999999999996669,	 0.50265482457436694297, 1128379.16709551215171813965,	 0.46299143323633074054,	 0.06299143323633077385,	 0.67343515408899556896,	 49.40889462325964842648,	 73.36845177038408394310,	 128951.38878827917505986989,	 131642.85364587075309827924,	 0.00000000000000000000,	 0.00000000000000000000,	 -633.86444330112408351852,	 0.00000000000000000000,	 0.00000000000000000000,	 -31.69322216505620559701,	 0.05000000000000000278,	 0.10782584666639521975,	 0.00000000000000000000,	 0.00000000000000000000
5.88719999999999998863,	 34.54999999999999715783,	 0.39999999999999996669,	 0.50265482457436694297, 1128379.16709551215171813965,	 0.46314247194046131995,	 0.06314247194046135325,	 0.67387460655642084095,	 49.50616735357994002698,	 73.46495456560134584834,	 129247.13250074339157436043,	 131945.68227540631778538227,	 0.00000000000000000000,	 0.00000000000000000000,	 -634.49119021885360325541,	 0.00000000000000000000,	 0.00000000000000000000,	 -31.72455951094268300494,	 0.05000000000000000278,	 0.10795006537944110137,	 0.00000000000000000000,	 0.00000000000000000000
5.88830000000000008953,	 34.54999999999999715783,	 0.39999999999999996669,	 0.50265482457436694297, 1128379.16709551215171813965,	 0.46329322702110875554,	 0.06329322702110878884,	 0.67431337674413327488,	 49.59881557312538546967,	 73.55454790561799427451,	 129541.94258361746324226260,	 132247.07834241740056313574,	 0.00000000000000000000,	 0.00000000000000000000,	 -635.05826215988827243564,	 0.00000000000000000000,	 0.00000000000000000000,	 -31.75291310799441646395,	 0.05000000000000000278,	 0.10806412837627717149,	 0.00000000000000000000,	 0.00000000000000000000
5.88940000000000019043,	 34.54999999999999715783,	 0.39999999999999996669,	 0.50265482457436694297, 1128379.16709551215171813965,	 0.46344367890915111330,	 0.06344367890915114661,	 0.67475140686279322377,	 49.68684905376350968709,	 73.63726633009754607428,	 129835.75898658410005737096,	 132546.98248286894522607327,	 0.00000000000000000000,	 0.00000000000000000000,	 -635.56604335115025605774,	 0.00000000000000000000,	 0.00000000000000000000,	 -31.77830216755751635560,	 0.05000000000000000278,	 0.10816809372986911642,	 0.00000000000000000000,	 0.00000000000000000000
5.89050000000000029132,	 34.54999999999999715783,	 0.39999999999999996669,	 0.50265482457436694297, 1128379.16709551215171813965,	 0.46359380694368529374,	 0.06359380694368532705,	 0.67518863587053512543,	 49.77027800924314249187,	 73.71314528283382117024,	 130128.51945397768577095121,	 132845.33334772178204730153,	 0.00000000000000000000,	 0.00000000000000000000,	 -636.01492667729348795547,	 0.00000000000000000000,	 0.00000000000000000000,	 -31.80074633386467652940,	 0.05000000000000000278,	 0.10826202091709521969,	 0.00000000000000000000,	 0.00000000000000000000
5.89160000000000039222,	 34.54999999999999715783,	 0.39999999999999996669,	 0.50265482457436694297, 1128379.16709551215171813965,	 0.46374358937100501610,	 0.06374358937100504940,	 0.67562499946523724148,	 49.84911301845451703230,	 73.78222099228196384502,	 130420.15958339412463828921,	 133142.06765067108790390193,	 0.00000000000000000000,	 0.00000000000000000000,	 -636.40531261989758604614,	 0.00000000000000000000,	 0.00000000000000000000,	 -31.82026563099488214448,	 0.05000000000000000278,	 0.10834597064079447282,	 0.00000000000000000000,	 0.00000000000000000000
5.89270000000000049312,	 34.54999999999999715783,	 0.39999999999999996669,	 0.50265482457436694297, 1128379.16709551215171813965,	 0.46389300334672856074,	 0.06389300334672859405,	 0.67606043008602734190,	 49.92336495258222583971,	 73.84453035689365663075,	 130710.61289157425926532596,	 133437.12022338935639709234,	 0.00000000000000000000,	 0.00000000000000000000,	 -636.73760823419775078946,	 0.00000000000000000000,	 0.00000000000000000000,	 -31.83688041170988825002,	 0.05000000000000000278,	 0.10842000465853394997,	 0.00000000000000000000,	 0.00000000000000000000
5.89380000000000059401,	 34.54999999999999715783,	 0.39999999999999996669,	 0.50265482457436694297, 1128379.16709551215171813965,	 0.46404202494113611088,	 0.06404202494113614419,	 0.67649485692422561822,	 49.99304490681854673539,	 73.90011083619853593518,	 130999.81088837909919675440,	 133730.42407918031676672399,	 0.00000000000000000000,	 0.00000000000000000000,	 -637.01222617130679282127,	 0.00000000000000000000,	 0.00000000000000000000,	 -31.85061130856534106215,	 0.05000000000000000278,	 0.10848418561946385208,	 0.00000000000000000000,	 0.00000000000000000000
5.89490000000000069491,	 34.54999999999999715783,	 0.39999999999999996669,	 0.50265482457436694297, 1128379.16709551215171813965,	 0.46419062914787367902,	 0.06419062914787371232,	 0.67692820594420910485,	 50.05816413786304508449,	 73.94900034936456734158,	 131287.68316086032427847385,	 134021.91048719547688961029,	 0.00000000000000000000,	 0.00000000000000000000,	 -637.22958376057329132891,	 0.00000000000000000000,	 0.00000000000000000000,	 -31.86147918802866740862,	 0.05000000000000000278,	 0.10853857691177835887,	 0.00000000000000000000,	 0.00000000000000000000
5.89599999999999990763,	 34.54999999999999715783,	 0.39999999999999996669,	 0.50265482457436694297, 1128379.16709551215171813965,	 0.46433878989615767763,	 0.06433878989615771093,	 0.67736039991461516330,	 50.11873400773414743981,	 73.99123718193723675540,	 131574.15746571749332360923,	 134311.50905557433725334704,	 0.00000000000000000000,	 0.00000000000000000000,	 -637.39010215781661372603,	 0.00000000000000000000,	 0.00000000000000000000,	 -31.86950510789083068630,	 0.05000000000000000278,	 0.10858324252178398750,	 0.00000000000000000000,	 0.00000000000000000000
5.89710000000000000853,	 34.54999999999999715783,	 0.39999999999999996669,	 0.50265482457436694297, 1128379.16709551215171813965,	 0.46448648006646292563,	 0.06448648006646295894,	 0.67779135844986271309,	 50.17476593367270965018,	 74.02685990040431818215,	 131859.15982602181611582637,	 134599.14781937884981743991,	 0.00000000000000000000,	 0.00000000000000000000,	 -637.49420555631138540775,	 0.00000000000000000000,	 0.00000000000000000000,	 -31.87471027781556998093,	 0.05000000000000000278,	 0.10861824690404994764,	 0.00000000000000000000,	 0.00000000000000000000
5.89820000000000010942,	 34.54999999999999715783,	 0.39999999999999996669,	 0.50265482457436694297, 1128379.16709551215171813965,	 0.46463367150935863670,	 0.06463367150935867000,	 0.67822099806104008124,	 50.22627134224087086523,	 74.05590727186611843536,	 132142.61462408720399253070,	 134884.75332501681987196207,	 0.00000000000000000000,	 0.00000000000000000000,	 -637.54232043748447722464,	 0.00000000000000000000,	 0.00000000000000000000,	 -31.87711602187422599286,	 0.05000000000000000278,	 0.10864365485868092420,	 0.00000000000000000000,	 0.00000000000000000000
5.89930000000000021032,	 34.54999999999999715783,	 0.39999999999999996669,	 0.50265482457436694297, 1128379.16709551215171813965,	 0.46478033506685284548,	 0.06478033506685287879,	 0.67864923221431650013,	 50.27326162502614437244,	 74.07841818518394916282,	 132424.44468530546873807907,	 135168.25070571497781202197,	 0.00000000000000000000,	 0.00000000000000000000,	 -637.53487483095591414894,	 0.00000000000000000000,	 0.00000000000000000000,	 -31.87674374154779854962,	 0.05000000000000000278,	 0.10865953141046404140,	 0.00000000000000000000,	 0.00000000000000000000
5.90040000000000031122,	 34.54999999999999715783,	 0.39999999999999996669,	 0.50265482457436694297, 1128379.16709551215171813965,	 0.46492644059552090674,	 0.06492644059552094005,	 0.67907597139478304005,	 50.31574809566614447931,	 74.09443157342246877306,	 132704.57135212008142843843,	 135449.56374721438623964787,	 0.00000000000000000000,	 0.00000000000000000000,	 -637.47229758338050942257,	 0.00000000000000000000,	 0.00000000000000000000,	 -31.87361487916902902384,	 0.05000000000000000278,	 0.10866594168970816758,	 0.00000000000000000000,	 0.00000000000000000000
5.90150000000000041211,	 34.54999999999999715783,	 0.39999999999999996669,	 0.50265482457436694297, 1128379.16709551215171813965,	 0.46507195699103559550,	 0.06507195699103562880,	 0.67950112317462141309,	 50.35374194796359859083,	 74.10398633737571572055,	 132982.91455967511865310371,	 135728.61495522010955028236,	 0.00000000000000000000,	 0.00000000000000000000,	 -637.35501763486536219716,	 0.00000000000000000000,	 0.00000000000000000000,	 -31.86775088174326953094,	 0.05000000000000000278,	 0.10866295081451628202,	 0.00000000000000000000,	 0.00000000000000000000
5.90260000000000051301,	 34.54999999999999715783,	 0.39999999999999996669,	 0.50265482457436694297, 1128379.16709551215171813965,	 0.46521685221428804580,	 0.06521685221428807910,	 0.67992459228616886069,	 50.38725421425163375488,	 74.10712126888989814688,	 133259.39291900693206116557,	 136005.32563038790249265730,	 0.00000000000000000000,	 0.00000000000000000000,	 -637.18346329169264663506,	 0.00000000000000000000,	 0.00000000000000000000,	 -31.85917316458463588447,	 0.05000000000000000278,	 0.10865062377258670467,	 0.00000000000000000000,	 0.00000000000000000000
5.90370000000000061391,	 34.54999999999999715783,	 0.39999999999999996669,	 0.50265482457436694297, 1128379.16709551215171813965,	 0.46536109331915542775,	 0.06536109331915546106,	 0.68034628070005465084,	 50.41629572522228386333,	 74.10387497576310522618,	 133533.92380229086847975850,	 136279.61594550262088887393,	 0.00000000000000000000,	 0.00000000000000000000,	 -636.95806151066392430948,	 0.00000000000000000000,	 0.00000000000000000000,	 -31.84790307553319976819,	 0.05000000000000000278,	 0.10862902530515346211,	 0.00000000000000000000,	 0.00000000000000000000
5.90480000000000071481,	 34.54999999999999715783,	 0.39999999999999996669,	 0.50265482457436694297, 1128379.16709551215171813965,	 0.46550464648187472871,	 0.06550464648187476202,	 0.68076608770830548956,	 50.44087707080305449381,	 74.09428580763257343733,	 133806.42343090614303946495,	 136551.40502557772560976446,	 0.00000000000000000000,	 0.00000000000000000000,	 -636.67923719010661898210,	 0.00000000000000000000,	 0.00000000000000000000,	 -31.83396185950533308073,	 0.05000000000000000278,	 0.10859821979221077892,	 0.00000000000000000000,	 0.00000000000000000000
5.90589999999999992752,	 34.54999999999999715783,	 0.39999999999999996669,	 0.50265482457436694297, 1128379.16709551215171813965,	 0.46564747703188225092,	 0.06564747703188228423,	 0.68118391001202538426,	 50.46100856201491069442,	 74.07839178280663361420,	 134076.80696013075066730380,	 136820.61102469425532035530,	 0.00000000000000000000,	 0.00000000000000000000,	 -636.34741246743260489893,	 0.00000000000000000000,	 0.00000000000000000000,	 -31.81737062337163024495,	 0.05000000000000000278,	 0.10855827113898063041,	 0.00000000000000000000,	 0.00000000000000000000
5.90700000000000002842,	 34.54999999999999715783,	 0.39999999999999996669,	 0.50265482457436694297, 1128379.16709551215171813965,	 0.46578954948357309540,	 0.06578954948357312871,	 0.68159964181206211808,	 50.47670019505378036229,	 74.05623051804911938234,	 134344.98855256577371619642,	 137087.15119183697970584035,	 0.00000000000000000000,	 0.00000000000000000000,	 -635.96300604130101419287,	 0.00000000000000000000,	 0.00000000000000000000,	 -31.79815030206504999910,	 0.04999999999999999584,	 0.10850924266663423967,	 0.00000000000000000000,	 0.00000000000000000000
5.90810000000000012932,	 34.54999999999999715783,	 0.39999999999999996669,	 0.50265482457436694297, 1128379.16709551215171813965,	 0.46593082756834303115,	 0.06593082756834306446,	 0.68201317490080515249,	 50.48796161763089429542,	 74.02783916157349608511,	 134610.88143913971725851297,	 137350.94192460560589097440,	 0.00000000000000000000,	 0.00000000000000000000,	 -635.52643252148868668883,	 0.00000000000000000000,	 0.00000000000000000000,	 -31.77632162607443433444,	 0.05000000000000000278,	 0.10845119700772022642,	 0.00000000000000000000,	 0.00000000000000000000
5.90920000000000023022,	 34.54999999999999715783,	 0.39999999999999996669,	 0.50265482457436694297, 1128379.16709551215171813965,	 0.46607127426615690968,	 0.06607127426615694299,	 0.68242439875290594742,	 50.49480209989772561130,	 73.99325433289646980484,	 134874.39798425178742036223,	 137611.89882763812784105539,	 0.00000000000000000000,	 0.00000000000000000000,	 -635.03810183883172157948,	 0.00000000000000000000,	 0.00000000000000000000,	 -31.75190509194159105277,	 0.05000000000000000971,	 0.10838419601173469864,	 0.00000000000000000000,	 0.00000000000000000000
5.91030000000000033111,	 34.54999999999999715783,	 0.39999999999999996669,	 0.50265482457436694297, 1128379.16709551215171813965,	 0.46621085183003502239,	 0.06621085183003505570,	 0.68283320059556218418,	 50.49723052457867567000,	 73.95251209304900896768,	 135135.44988732546335086226,	 137869.93690976174548268318,	 0.00000000000000000000,	 0.00000000000000000000,	 -634.49841892577524049557,	 0.00000000000000000000,	 0.00000000000000000000,	 -31.72492094628876202478,	 0.05000000000000000278,	 0.10830830069600952403,	 0.00000000000000000000,	 0.00000000000000000000
5.91140000000000043201,	 34.54999999999999715783,	 0.39999999999999996669,	 0.50265482457436694297, 1128379.16709551215171813965,	 0.46634952116125460986,	 0.06634952116125464316,	 0.68323946357656772932,	 50.49525510280675177910,	 73.90564771899767038121,	 135393.89637085798312909901,	 138124.91875324028660543263,	 0.00000000000000000000,	 0.00000000000000000000,	 -633.90778260018862511060,	 0.00000000000000000000,	 0.00000000000000000000,	 -31.69538913000943480824,	 0.05000000000000000278,	 0.10822357098523005536,	 0.00000000000000000000,	 0.00000000000000000000
5.91250000000000053291,	 34.54999999999999715783,	 0.39999999999999996669,	 0.50265482457436694297, 1128379.16709551215171813965,	 0.46648724187941104091,	 0.06648724187941107422,	 0.68364306696592169743,	 50.48888284829708084089,	 73.85269490462609098813,	 135649.74442160152830183506,	 138376.85469393941457383335,	 0.00000000000000000000,	 0.00000000000000000000,	 -633.26657858494945685379,	 0.00000000000000000000,	 0.00000000000000000000,	 -31.66332892924747355323,	 0.05000000000000000278,	 0.10813006453055819256,	 0.00000000000000000000,	 0.00000000000000000000
5.91360000000000063380,	 34.54999999999999715783,	 0.39999999999999996669,	 0.50265482457436694297, 1128379.16709551215171813965,	 0.46662397653804615905,	 0.06662397653804619235,	 0.68404389851233882158,	 50.47812087384971135862,	 73.79368631695965063955,	 135902.86621143121737986803,	 138625.62028155414736829698,	 0.00000000000000000000,	 0.00000000000000000000,	 -632.57517853622664461000,	 0.00000000000000000000,	 0.00000000000000000000,	 -31.62875892681133649376,	 0.05000000000000000971,	 0.10802783703379083280,	 0.00000000000000000000,	 0.00000000000000000000
5.91469999999999984652,	 34.54999999999999715783,	 0.39999999999999996669,	 0.50265482457436694297, 1128379.16709551215171813965,	 0.46675968500083886426,	 0.06675968500083889756,	 0.68444183796505864148,	 50.46297589668078842351,	 73.72865464611905395031,	 136153.16663339434307999909,	 138871.12389135768171399832,	 0.00000000000000000000,	 0.00000000000000000000,	 -631.83395666218734731956,	 0.00000000000000000000,	 0.00000000000000000000,	 -31.59169783310937162923,	 0.05000000000000000971,	 0.10791694443464076858,	 0.00000000000000000000,	 0.00000000000000000000
5.91579999999999994742,	 34.54999999999999715783,	 0.39999999999999996669,	 0.50265482457436694297, 1128379.16709551215171813965,	 0.46689432662005336816,	 0.06689432662005340147,	 0.68483676345549149289,	 50.44345418766546629286,	 73.65763183206190944929,	 136400.55594970227684825659,	 139113.27931325606186874211,	 0.00000000000000000000,	 0.00000000000000000000,	 -631.04328009539165122987,	 0.00000000000000000000,	 0.00000000000000000000,	 -31.55216400476958682475,	 0.05000000000000000971,	 0.10779744152270394342,	 0.00000000000000000000,	 0.00000000000000000000
5.91690000000000004832,	 34.54999999999999715783,	 0.39999999999999996669,	 0.50265482457436694297, 1128379.16709551215171813965,	 0.46702786028210213631,	 0.06702786028210216962,	 0.68522855163141260793,	 50.41956154753775365407,	 73.58064900754260406757,	 136644.94391624635318294168,	 139351.99987043192959390581,	 0.00000000000000000000,	 0.00000000000000000000,	 -630.20350831401924551756,	 0.00000000000000000000,	 0.00000000000000000000,	 -31.51017541570096369696,	 0.05000000000000000278,	 0.10766938184620528096,	 0.00000000000000000000,	 0.00000000000000000000
5.91800000000000014921,	 34.54999999999999715783,	 0.39999999999999996669,	 0.50265482457436694297, 1128379.16709551215171813965,	 0.46716024444429488094,	 0.06716024444429491425,	 0.68561707776566926942,	 50.39130326898258260826,	 73.49773642337036960726,	 136886.24018639777204953134,	 139587.19881607737625017762,	 0.00000000000000000000,	 0.00000000000000000000,	 -629.31499242448387576587,	 0.00000000000000000000,	 0.00000000000000000000,	 -31.46574962122419449884,	 0.05000000000000000278,	 0.10753281759594376932,	 0.00000000000000000000,	 0.00000000000000000000
5.91910000000000025011,	 34.54999999999999715783,	 0.39999999999999996669,	 0.50265482457436694297, 1128379.16709551215171813965,	 0.46729143717198590169,	 0.06729143717198593500,	 0.68600221586639409388,	 50.35868410251951843293,	 73.40892337923203569972,	 137124.35427539094234816730,	 139818.78929123992566019297,	 0.00000000000000000000,	 0.00000000000000000000,	 -628.37807449241984159016,	 0.00000000000000000000,	 0.00000000000000000000,	 -31.41890372462099634276,	 0.05000000000000000971,	 0.10738779949743294806,	 0.00000000000000000000,	 0.00000000000000000000
5.92020000000000035101,	 34.54999999999999715783,	 0.39999999999999996669,	 0.50265482457436694297, 1128379.16709551215171813965,	 0.46742139616680122849,	 0.06742139616680126180,	 0.68638383876135977690,	 50.32170817249820515826,	 73.31423808478382397880,	 137359.19542396266479045153,	 140046.68417693884111940861,	 0.00000000000000000000,	 0.00000000000000000000,	 -627.39308629013930840301,	 0.00000000000000000000,	 0.00000000000000000000,	 -31.36965431450697039395,	 0.05000000000000000971,	 0.10723437660216826595,	 0.00000000000000000000,	 0.00000000000000000000
5.92130000000000045191,	 34.54999999999999715783,	 0.39999999999999996669,	 0.50265482457436694297, 1128379.16709551215171813965,	 0.46755007878657017795,	 0.06755007878657021125,	 0.68676181815825732002,	 50.28037887729867350117,	 73.21370750071616839705,	 137590.67251060091075487435,	 140270.79599360111751593649,	 0.00000000000000000000,	 0.00000000000000000000,	 -626.36034788596100497671,	 0.00000000000000000000,	 0.00000000000000000000,	 -31.31801739429805309101,	 0.05000000000000000278,	 0.10707259605072812214,	 0.00000000000000000000,	 0.00000000000000000000
5.92240000000000055280,	 34.54999999999999715783,	 0.39999999999999996669,	 0.50265482457436694297, 1128379.16709551215171813965,	 0.46767744206181255384,	 0.06767744206181258715,	 0.68713602469510126625,	 50.23469880847078172792,	 73.10735720887450383998,	 137818.69406842242460697889,	 140491.03690745541825890541,	 0.00000000000000000000,	 0.00000000000000000000,	 -625.28016648886784878414,	 0.00000000000000000000,	 0.00000000000000000000,	 -31.26400832444339528138,	 0.05000000000000000278,	 0.10690250287893895975,	 0.00000000000000000000,	 0.00000000000000000000
5.92350000000000065370,	 34.54999999999999715783,	 0.39999999999999996669,	 0.50265482457436694297, 1128379.16709551215171813965,	 0.46780344271472884543,	 0.06780344271472887874,	 0.68750632799823041541,	 50.18466971378440888429,	 72.99521134576899328295,	 138043.16842120679211802781,	 140707.31886091353953815997,	 0.00000000000000000000,	 0.00000000000000000000,	 -624.15283583350799290201,	 0.00000000000000000000,	 0.00000000000000000000,	 -31.20764179167539964510,	 0.05000000000000000278,	 0.10672413991657181409,	 0.00000000000000000000,	 0.00000000000000000000
5.92459999999999986642,	 34.54999999999999715783,	 0.39999999999999996669,	 0.50265482457436694297, 1128379.16709551215171813965,	 0.46792803718620296083,	 0.06792803718620299414,	 0.68787259676411049991,	 50.13029251977525291295,	 72.87729262017140285934,	 138264.00393707540933974087,	 140919.55382689845282584429,	 0.00000000000000000000,	 0.00000000000000000000,	 -622.97863627411823017610,	 0.00000000000000000000,	 0.00000000000000000000,	 -31.14893181370591079826,	 0.04999999999999999584,	 0.10653754780811347525,	 0.00000000000000000000,	 0.00000000000000000000
5.92569999999999996732,	 34.54999999999999715783,	 0.39999999999999996669,	 0.50265482457436694297, 1128379.16709551215171813965,	 0.46805118167615328284,	 0.06805118167615331615,	 0.68823469888067601019,	 50.07156742963815077019,	 72.75362243588273258865,	 138481.10941728751640766859,	 141127.65420605899998918176,	 0.00000000000000000000,	 0.00000000000000000000,	 -621.75783575926357116259,	 0.00000000000000000000,	 0.00000000000000000000,	 -31.08789178796317997922,	 0.05000000000000000278,	 0.10634276518572038928,	 0.00000000000000000000,	 0.00000000000000000000
5.92680000000000006821,	 34.54999999999999715783,	 0.39999999999999996669,	 0.50265482457436694297, 1128379.16709551215171813965,	 0.46817283220288069545,	 0.06817283220288072876,	 0.68859250160489759995,	 50.00849411125400223455,	 72.62422113906201559530,	 138694.39462305314373224974,	 141331.53337108084815554321,	 0.00000000000000000000,	 0.00000000000000000000,	 -620.49069184425150069728,	 0.00000000000000000000,	 0.00000000000000000000,	 -31.02453459221257858758,	 0.05000000000000000278,	 0.10613982902193987157,	 0.00000000000000000000,	 0.00000000000000000000
5.92790000000000016911,	 34.54999999999999715783,	 0.39999999999999996669,	 0.50265482457436694297, 1128379.16709551215171813965,	 0.46829294468416160502,	 0.06829294468416163832,	 0.68894587180475264088,	 49.94107196203217569064,	 72.48910836958390291329,	 138903.77084443191415630281,	 141531.10626054054591804743,	 0.00000000000000000000,	 0.00000000000000000000,	 -619.17745456083184762974,	 0.00000000000000000000,	 0.00000000000000000000,	 -30.95887272804159806583,	 0.05000000000000000971,	 0.10592877513176397752,	 0.00000000000000000000,	 0.00000000000000000000
5.92900000000000027001,	 34.54999999999999715783,	 0.39999999999999996669,	 0.50265482457436694297, 1128379.16709551215171813965,	 0.46841147503574015465,	 0.06841147503574018796,	 0.68929467625291374056,	 49.86930039773227463229,	 72.34830344088483400355,	 139109.15134675209992565215,	 141726.28985213927808217704,	 0.00000000000000000000,	 0.00000000000000000000,	 -617.81836950398871977086,	 0.00000000000000000000,	 0.00000000000000000000,	 -30.89091847519943812017,	 0.05000000000000000278,	 0.10570963871405873735,	 0.00000000000000000000,	 0.00000000000000000000
5.93010000000000037090,	 34.54999999999999715783,	 0.39999999999999996669,	 0.50265482457436694297, 1128379.16709551215171813965,	 0.46852837926887652698,	 0.06852837926887656028,	 0.68963878191823124730,	 49.79317899586413176394,	 72.20182550836879897815,	 139310.45108203208656050265,	 141917.00288540255860425532,	 0.00000000000000000000,	 0.00000000000000000000,	 -616.41367911192423889588,	 0.00000000000000000000,	 0.00000000000000000000,	 -30.82068395559621620805,	 0.05000000000000000971,	 0.10548245458393874785,	 0.00000000000000000000,	 0.00000000000000000000
5.93120000000000047180,	 34.54999999999999715783,	 0.39999999999999996669,	 0.50265482457436694297, 1128379.16709551215171813965,	 0.46864361342394555976,	 0.06864361342394559307,	 0.68997805577499715657,	 49.71270594184307611840,	 72.04969132823329402981,	 139507.57961614130181260407,	 142103.15862638814724050462,	 0.00000000000000000000,	 0.00000000000000000000,	 -614.96360359491791314213,	 0.00000000000000000000,	 0.00000000000000000000,	 -30.74818017974589778873,	 0.05000000000000000278,	 0.10524725390373836087,	 0.00000000000000000000,	 0.00000000000000000000
5.93230000000000057270,	 34.54999999999999715783,	 0.39999999999999996669,	 0.50265482457436694297, 1128379.16709551215171813965,	 0.46875713287780285121,	 0.06875713287780288452,	 0.69031236276759921910,	 49.62787449638740611135,	 71.89191034826525594781,	 139700.39638307396671734750,	 142284.61976983546628616750,	 0.00000000000000000000,	 0.00000000000000000000,	 -613.46829994376878403273,	 0.00000000000000000000,	 0.00000000000000000000,	 -30.67341499718844133326,	 0.05000000000000000278,	 0.10500405708954790862,	 0.00000000000000000000,	 0.00000000000000000000
5.93340000000000067359,	 34.54999999999999715783,	 0.39999999999999996669,	 0.50265482457436694297, 1128379.16709551215171813965,	 0.46886883793845041124,	 0.06886883793845044455,	 0.69064140553529473898,	 49.53869376016344006075,	 71.72853142473775278631,	 139887.42913269883138127625,	 142459.92024287363165058196,	 0.00000000000000000000,	 0.00000000000000000000,	 -611.92833151478271247470,	 0.00000000000000000000,	 0.00000000000000000000,	 -30.59641657573913775536,	 0.05000000000000000278,	 0.10475294811692109631,	 0.00000000000000000000,	 0.00000000000000000000
5.93449999999999988631,	 34.54999999999999715783,	 0.39999999999999996669,	 0.50265482457436694297, 1128379.16709551215171813965,	 0.46897880386767670791,	 0.06897880386767674121,	 0.69096540203015810455,	 49.44519797221111190311,	 71.55958580116144673866,	 140073.23367124368087388575,	 142633.62083126057405024767,	 0.00000000000000000000,	 0.00000000000000000000,	 -610.34388088338528177701,	 0.00000000000000000000,	 0.00000000000000000000,	 -30.51719404416926550994,	 0.05000000000000000278,	 0.10449396551032084923,	 0.00000000000000000000,	 0.00000000000000000000
5.93559999999999998721,	 34.54999999999999715783,	 0.39999999999999996669,	 0.50265482457436694297, 1128379.16709551215171813965,	 0.46908693446831584151,	 0.06908693446831587481,	 0.69128406511958129244,	 49.34735156554707913301,	 71.38505580482426182698,	 140252.96204763013520278037,	 142800.87514375906903296709,	 0.00000000000000000000,	 0.00000000000000000000,	 -608.71493584220399952756,	 0.00000000000000000000,	 0.00000000000000000000,	 -30.43574679211020139746,	 0.05000000000000000278,	 0.10422709540268999817,	 0.00000000000000000000,	 0.00000000000000000000
5.93670000000000008811,	 34.54999999999999715783,	 0.39999999999999996669,	 0.50265482457436694297, 1128379.16709551215171813965,	 0.46919318176993385361,	 0.06919318176993388692,	 0.69159724964459667884,	 49.24516576704666448450,	 71.20497629560145469441,	 140428.13273476134054362774,	 142963.20705938991159200668,	 0.00000000000000000000,	 0.00000000000000000000,	 -607.04186729223522434040,	 0.00000000000000000000,	 0.00000000000000000000,	 -30.35209336461176476973,	 0.05000000000000000278,	 0.10395239507940794155,	 0.00000000000000000000,	 0.00000000000000000000
5.93780000000000018900,	 34.54999999999999715783,	 0.39999999999999996669,	 0.50265482457436694297, 1128379.16709551215171813965,	 0.46929750473998460558,	 0.06929750473998463889,	 0.69190483084150966597,	 49.13864474409859894877,	 71.01936936086298146620,	 140598.69107012456515803933,	 143120.56648233189480379224,	 0.00000000000000000000,	 0.00000000000000000000,	 -605.32492624448480000865,	 0.00000000000000000000,	 0.00000000000000000000,	 -30.26624631222424000043,	 0.05000000000000000278,	 0.10366990223817883210,	 0.00000000000000000000,	 0.00000000000000000000
5.93890000000000028990,	 34.54999999999999715783,	 0.39999999999999996669,	 0.50265482457436694297, 1128379.16709551215171813965,	 0.46939986297531521853,	 0.06939986297531525183,	 0.69220668576414745576,	 49.02779309106905714088,	 70.82825707894720324020,	 140764.56784208008321002126,	 143272.88884250080445781350,	 0.00000000000000000000,	 0.00000000000000000000,	 -603.56436092672583981766,	 0.00000000000000000000,	 0.00000000000000000000,	 -30.17821804633629412251,	 0.05000000000000000278,	 0.10337965433223383904,	 0.00000000000000000000,	 0.00000000000000000000
5.94000000000000039080,	 34.54999999999999715783,	 0.39999999999999996669,	 0.50265482457436694297, 1128379.16709551215171813965,	 0.46950021667428731842,	 0.06950021667428735173,	 0.69250269320861501665,	 48.91261579740044140863,	 70.63166147523648419337,	 140925.69538914164877496660,	 143420.11119051784044131637,	 0.00000000000000000000,	 0.00000000000000000000,	 -601.76041643223982191557,	 0.00000000000000000000,	 0.00000000000000000000,	 -30.08802082161199109578,	 0.05000000000000000278,	 0.10308168850799752370,	 0.00000000000000000000,	 0.00000000000000000000
5.94110000000000049170,	 34.54999999999999715783,	 0.39999999999999996669,	 0.50265482457436694297, 1128379.16709551215171813965,	 0.46959852664204937422,	 0.06959852664204940753,	 0.69279273373574945527,	 48.79311816363810550001,	 70.42960439341034373228,	 141082.00712554127676412463,	 143562.17171304742805659771,	 0.00000000000000000000,	 0.00000000000000000000,	 -599.91333360460203039111,	 0.00000000000000000000,	 0.00000000000000000000,	 -29.99566668023010151956,	 0.05000000000000000278,	 0.10277604141542928673,	 0.00000000000000000000,	 0.00000000000000000000
5.94220000000000059259,	 34.54999999999999715783,	 0.39999999999999996669,	 0.50265482457436694297, 1128379.16709551215171813965,	 0.46969475428173418363,	 0.06969475428173421694,	 0.69307668965203816924,	 48.66930573912208046750,	 70.22210740279938079311,	 141233.43743495587841607630,	 143699.00961900103720836341,	 0.00000000000000000000,	 0.00000000000000000000,	 -598.02334825036996335257,	 0.00000000000000000000,	 0.00000000000000000000,	 -29.90116741251850029926,	 0.05000000000000000278,	 0.10246274907279621924,	 0.00000000000000000000,	 0.00000000000000000000
5.94330000000000069349,	 34.54999999999999715783,	 0.39999999999999996669,	 0.50265482457436694297, 1128379.16709551215171813965,	 0.46978886158947064100,	 0.06978886158947067431,	 0.69335444500174492344,	 48.54118426604253500045,	 70.00919171423264231180,	 141379.92181074636755511165,	 143830.56527298645232804120,	 0.00000000000000000000,	 0.00000000000000000000,	 -596.09069042093062762433,	 0.00000000000000000000,	 0.00000000000000000000,	 -29.80453452104653422339,	 0.05000000000000000278,	 0.10214184674357058846,	 0.00000000000000000000,	 0.00000000000000000000
5.94439999999999990621,	 34.54999999999999715783,	 0.39999999999999996669,	 0.50265482457436694297, 1128379.16709551215171813965,	 0.46988081115262503307,	 0.06988081115262506637,	 0.69362588556852711186,	 48.40875965091992583211,	 69.79087813489243785625,	 141521.39685929098050110042,	 143956.78019471067818813026,	 0.00000000000000000000,	 0.00000000000000000000,	 -594.11558402390869559895,	 0.00000000000000000000,	 0.00000000000000000000,	 -29.70577920119543691158,	 0.05000000000000000278,	 0.10181336887002249980,	 0.00000000000000000000,	 0.00000000000000000000
5.94550000000000000711,	 34.54999999999999715783,	 0.39999999999999996669,	 0.50265482457436694297, 1128379.16709551215171813965,	 0.46997056615062982043,	 0.06997056615062985374,	 0.69389089888465738110,	 48.27203795140194131363,	 69.56718704481235704407,	 141657.80037158433697186410,	 144077.59712824827875010669,	 0.00000000000000000000,	 0.00000000000000000000,	 -592.09824661670791101642,	 0.00000000000000000000,	 0.00000000000000000000,	 -29.60491233083539697191,	 0.05000000000000000278,	 0.10147734903820897212,	 0.00000000000000000000,	 0.00000000000000000000
5.94660000000000010800,	 34.54999999999999715783,	 0.39999999999999996669,	 0.50265482457436694297, 1128379.16709551215171813965,	 0.47005809035876044977,	 0.07005809035876048307,	 0.69414937424892442230,	 48.13102538729206258949,	 69.33813840770258707380,	 141789.07138941466109827161,	 144192.96010833751643076539,	 0.00000000000000000000,	 0.00000000000000000000,	 -590.03888948944097592175,	 0.00000000000000000000,	 0.00000000000000000000,	 -29.50194447447205092772,	 0.05000000000000000278,	 0.10113381999280211809,	 0.00000000000000000000,	 0.00000000000000000000
5.94770000000000020890,	 34.54999999999999715783,	 0.39999999999999996669,	 0.50265482457436694297, 1128379.16709551215171813965,	 0.47014334815545633095,	 0.07014334815545636426,	 0.69440120275497241309,	 47.98572837409227531680,	 69.10375181338014272114,	 141915.15029303845949470997,	 144302.81455038106651045382,	 0.00000000000000000000,	 0.00000000000000000000,	 -587.93771801302170842973,	 0.00000000000000000000,	 0.00000000000000000000,	 -29.39688590065108897420,	 0.05000000000000000278,	 0.10078281369769467868,	 0.00000000000000000000,	 0.00000000000000000000
5.94880000000000030980,	 34.54999999999999715783,	 0.39999999999999996669,	 0.50265482457436694297, 1128379.16709551215171813965,	 0.47022630453374231196,	 0.07022630453374234527,	 0.69464627733173922586,	 47.83615357907742549060,	 68.86404655161280174980,	 142035.97890873337746597826,	 144407.10736246471060439944,	 0.00000000000000000000,	 0.00000000000000000000,	 -585.79493224987174926355,	 0.00000000000000000000,	 0.00000000000000000000,	 -29.28974661249359101589,	 0.05000000000000000278,	 0.10042436144202518400,	 0.00000000000000000000,	 0.00000000000000000000
5.94990000000000041069,	 34.54999999999999715783,	 0.39999999999999996669,	 0.50265482457436694297, 1128379.16709551215171813965,	 0.47030692511730520788,	 0.07030692511730524119,	 0.69488449279762931621,	 47.68230799845903078449,	 68.61904171510344951912,	 142151.50063550964114256203,	 144505.78707845919416286051,	 0.00000000000000000000,	 0.00000000000000000000,	 -583.61072780706604135048,	 0.00000000000000000000,	 0.00000000000000000000,	 -29.18053639035330348861,	 0.05000000000000000278,	 0.10005849398823542240,	 0.00000000000000000000,	 0.00000000000000000000
5.95100000000000051159,	 34.54999999999999715783,	 0.39999999999999996669,	 0.50265482457436694297, 1128379.16709551215171813965,	 0.47038517618155301081,	 0.07038517618155304412,	 0.69511574592940816864,	 47.52419905224061835725,	 68.36875632661455881589,	 142261.66058353777043521404,	 144598.80400436176569201052,	 0.00000000000000000000,	 0.00000000000000000000,	 -581.38529688891810565110,	 0.00000000000000000000,	 0.00000000000000000000,	 -29.06926484444590386147,	 0.04999999999999999584,	 0.09968524175482912364,	 0.00000000000000000000,	 0.00000000000000000000
5.95210000000000061249,	 34.54999999999999715783,	 0.39999999999999996669,	 0.50265482457436694297, 1128379.16709551215171813965,	 0.47046102467939027170,	 0.07046102467939030500,	 0.69533993554502693257,	 47.36183469114614297268,	 68.11320948224066285093,	 142366.40571031832951121032,	 144686.11036330412025563419,	 0.00000000000000000000,	 0.00000000000000000000,	 -579.11882948142999794072,	 0.00000000000000000000,	 0.00000000000000000000,	 -28.95594147407150131812,	 0.05000000000000000278,	 0.09930463502221165140,	 0.00000000000000000000,	 0.00000000000000000000
5.95320000000000071338,	 34.54999999999999715783,	 0.39999999999999996669,	 0.50265482457436694297, 1128379.16709551215171813965,	 0.47053443827071689265,	 0.07053443827071692596,	 0.69555696259745525278,	 47.19522350858456150036,	 67.85242050103407507322,	 142465.68493959429906681180,	 144767.66042351888609118760,	 0.00000000000000000000,	 0.00000000000000000000,	 -576.81151458670410647755,	 0.00000000000000000000,	 0.00000000000000000000,	 -28.84057572933521029768,	 0.05000000000000000971,	 0.09891670414744849205,	 0.00000000000000000000,	 0.00000000000000000000
5.95429999999999992610,	 34.54999999999999715783,	 0.39999999999999996669,	 0.50265482457436694297, 1128379.16709551215171813965,	 0.47060538535413914962,	 0.07060538535413918293,	 0.69576673027504509772,	 47.02437485085975765742,	 67.58640907171638900763,	 142559.44925287662772461772,	 144843.41059848130680620670,	 0.00000000000000000000,	 0.00000000000000000000,	 -574.46354143063092578814,	 0.00000000000000000000,	 0.00000000000000000000,	 -28.72317707153154486832,	 0.04999999999999999584,	 0.09852147977461250816,	 0.00000000000000000000,	 0.00000000000000000000
5.95540000000000002700,	 34.54999999999999715783,	 0.39999999999999996669,	 0.50265482457436694297, 1128379.16709551215171813965,	 0.47067383509921811857,	 0.07067383509921815188,	 0.69596914410347077151,	 46.84929892019161457029,	 67.31519538921750722693,	 142647.65175037898006848991,	 144913.31951552323880605400,	 0.00000000000000000000,	 0.00000000000000000000,	 -572.07510058448394829611,	 0.00000000000000000000,	 0.00000000000000000000,	 -28.60375502922420309915,	 0.05000000000000000971,	 0.09811899303033895514,	 0.00000000000000000000,	 0.00000000000000000000
5.95650000000000012790,	 34.54999999999999715783,	 0.39999999999999996669,	 0.50265482457436694297, 1128379.16709551215171813965,	 0.47073975747773877387,	 0.07073975747773880718,	 0.69616411204473827024,	 46.67000686698171563194,	 67.03880027642463801385,	 142730.24768319388385862112,	 144977.34805444505764171481,	 0.00000000000000000000,	 0.00000000000000000000,	 -569.64638496330871930695,	 0.00000000000000000000,	 0.00000000000000000000,	 -28.48231924816543880752,	 0.05000000000000000278,	 0.09770927569804027657,	 0.00000000000000000000,	 0.00000000000000000000
5.95760000000000022879,	 34.54999999999999715783,	 0.39999999999999996669,	 0.50265482457436694297, 1128379.16709551215171813965,	 0.47080312329278417582,	 0.07080312329278420913,	 0.69635154458965697888,	 46.48651086927659292769,	 66.75724528861347550901,	 142807.19446029161917977035,	 145035.45935955367167480290,	 0.00000000000000000000,	 0.00000000000000000000,	 -567.17759068134569133690,	 0.00000000000000000000,	 0.00000000000000000000,	 -28.35887953406728456685,	 0.05000000000000000278,	 0.09729236036724495107,	 0.00000000000000000000,	 0.00000000000000000000
5.95870000000000032969,	 34.54999999999999715783,	 0.39999999999999996669,	 0.50265482457436694297, 1128379.16709551215171813965,	 0.47086390420467455487,	 0.07086390420467458817,	 0.69653135484096462271,	 46.29882419830543227590,	 66.47055279927290882824,	 142878.45163349458016455173,	 145087.61882821505423635244,	 0.00000000000000000000,	 0.00000000000000000000,	 -564.66891775488113580650,	 0.00000000000000000000,	 0.00000000000000000000,	 -28.23344588774405750087,	 0.05000000000000000278,	 0.09686828055629734258,	 0.00000000000000000000,	 0.00000000000000000000
5.95980000000000043059,	 34.54999999999999715783,	 0.39999999999999996669,	 0.50265482457436694297, 1128379.16709551215171813965,	 0.47092207275304481806,	 0.07092207275304485137,	 0.69670345858493532010,	 46.10696126960181118193,	 66.17874606686899596752,	 142943.98086276632966473699,	 145133.79407825789530761540,	 0.00000000000000000000,	 0.00000000000000000000,	 -562.12057064968905706337,	 0.00000000000000000000,	 0.00000000000000000000,	 -28.10602853248445498480,	 0.05000000000000000278,	 0.09643707080784505448,	 0.00000000000000000000,	 0.00000000000000000000
5.96090000000000053149,	 34.54999999999999715783,	 0.39999999999999996669,	 0.50265482457436694297, 1128379.16709551215171813965,	 0.47097760237453395460,	 0.07097760237453398791,	 0.69686777434988877999,	 45.91093767974704320523,	 65.88184928278190000128,	 143003.74586405421723611653,	 145173.95489651380921714008,	 0.00000000000000000000,	 0.00000000000000000000,	 -559.53275867578008728742,	 0.00000000000000000000,	 0.00000000000000000000,	 -27.97663793378900365383,	 0.04999999999999999584,	 0.09599876675751742305,	 0.00000000000000000000,	 0.00000000000000000000
5.96200000000000063238,	 34.54999999999999715783,	 0.39999999999999996669,	 0.50265482457436694297, 1128379.16709551215171813965,	 0.47103046741576720668,	 0.07103046741576723999,	 0.69702422345063319575,	 45.71077022927955368914,	 65.57988760130518812730,	 143057.71234344341792166233,	 145208.07317234334186650813,	 0.00000000000000000000,	 0.00000000000000000000,	 -556.90569623743169813679,	 0.00000000000000000000,	 0.00000000000000000000,	 -27.84528481187158632792,	 0.05000000000000000278,	 0.09555340517712777870,	 0.00000000000000000000,	 0.00000000000000000000
5.96309999999999984510,	 34.54999999999999715783,	 0.39999999999999996669,	 0.50265482457436694297, 1128379.16709551215171813965,	 0.47108064314151509855,	 0.07108064314151513186,	 0.69717273001847535063,	 45.50647693304740926123,	 65.27288715357737203249,	 143105.84792201721575111151,	 145236.12282069903449155390,	 0.00000000000000000000,	 0.00000000000000000000,	 -554.23960295451206548023,	 0.00000000000000000000,	 0.00000000000000000000,	 -27.71198014772560824781,	 0.05000000000000000971,	 0.09510102399513556404,	 0.00000000000000000000,	 0.00000000000000000000
5.96419999999999994600,	 34.54999999999999715783,	 0.39999999999999996669,	 0.50265482457436694297, 1128379.16709551215171813965,	 0.47112810573812291537,	 0.07112810573812294868,	 0.69731322101705706107,	 45.29807701988479351485,	 64.96087504811092117052,	 143148.12205458580865524709,	 145258.07969809393398463726,	 0.00000000000000000000,	 0.00000000000000000000,	 -551.53470367755551251321,	 0.00000000000000000000,	 0.00000000000000000000,	 -27.57673518387777988892,	 0.05000000000000000971,	 0.09464166229823760268,	 0.00000000000000000000,	 0.00000000000000000000
5.96530000000000004690,	 34.54999999999999715783,	 0.39999999999999996669,	 0.50265482457436694297, 1128379.16709551215171813965,	 0.47117283231250522979,	 0.07117283231250526310,	 0.69744562624487316249,	 45.08559092364416187593,	 64.64387936073256923919,	 143184.50594645066303201020,	 145273.92151585314422845840,	 0.00000000000000000000,	 0.00000000000000000000,	 -548.79122842004221638490,	 0.00000000000000000000,	 0.00000000000000000000,	 -27.43956142100211081924,	 0.05000000000000000278,	 0.09417536031814989494,	 0.00000000000000000000,	 0.00000000000000000000
5.96640000000000014779,	 34.54999999999999715783,	 0.39999999999999996669,	 0.50265482457436694297, 1128379.16709551215171813965,	 0.47121480088712169865,	 0.07121480088712173195,	 0.69756987832568573271,	 44.86904026766859487907,	 64.32192911678428970390,	 143214.97247175031225197017,	 145283.62775440263794735074,	 0.00000000000000000000,	 0.00000000000000000000,	 -546.00941223145014191687,	 0.00000000000000000000,	 0.00000000000000000000,	 -27.30047061157250709584,	 0.05000000000000000278,	 0.09370215940767907814,	 0.00000000000000000000,	 0.00000000000000000000
5.96750000000000024869,	 34.54999999999999715783,	 0.39999999999999996669,	 0.50265482457436694297, 1128379.16709551215171813965,	 0.47125399039144011404,	 0.07125399039144014735,	 0.69768591268832724772,	 44.64844784487101492232,	 63.99505426851943212796,	 143239.49609441182110458612,	 145287.17957982720690779388,	 0.00000000000000000000,	 0.00000000000000000000,	 -543.18949503526016542310,	 0.00000000000000000000,	 0.00000000000000000000,	 -27.15947475176301040278,	 0.05000000000000000278,	 0.09322210201029469678,	 0.00000000000000000000,	 0.00000000000000000000
5.96860000000000034959,	 34.54999999999999715783,	 0.39999999999999996669,	 0.50265482457436694297, 1128379.16709551215171813965,	 0.47129038065040335104,	 0.07129038065040338434,	 0.69779366753740779128,	 44.42383759486190086818,	 63.66328566958569723511,	 143258.05279324718867428601,	 145284.55976437081699259579,	 0.00000000000000000000,	 0.00000000000000000000,	 -540.33172144720879259694,	 0.00000000000000000000,	 0.00000000000000000000,	 -27.01658607236044318256,	 0.05000000000000000971,	 0.09273523162589376867,	 0.00000000000000000000,	 0.00000000000000000000
5.96970000000000045048,	 34.54999999999999715783,	 0.39999999999999996669,	 0.50265482457436694297, 1128379.16709551215171813965,	 0.47132395237038260394,	 0.07132395237038263724,	 0.69789308381635528633,	 44.19523457905463459383,	 63.32665504775834364182,	 143270.61999026726698502898,	 145275.75261003614286892116,	 0.00000000000000000000,	 0.00000000000000000000,	 -537.43634058295492650359,	 0.00000000000000000000,	 0.00000000000000000000,	 -26.87181702914774561464,	 0.04999999999999999584,	 0.09224159277439104854,	 0.00000000000000000000,	 0.00000000000000000000
5.97080000000000055138,	 34.54999999999999715783,	 0.39999999999999996669,	 0.50265482457436694297, 1128379.16709551215171813965,	 0.47135468712292000193,	 0.07135468712292003524,	 0.69798410516367948020,	 43.96266495355810377532,	 62.98519497553417778590,	 143277.17647827891050837934,	 145260.74387133194250054657,	 0.00000000000000000000,	 0.00000000000000000000,	 -534.50360585135229030129,	 0.00000000000000000000,	 0.00000000000000000000,	 -26.72518029256761806778,	 0.05000000000000000971,	 0.09174123095652454707,	 0.00000000000000000000,	 0.00000000000000000000
5.97190000000000065228,	 34.54999999999999715783,	 0.39999999999999996669,	 0.50265482457436694297, 1128379.16709551215171813965,	 0.47138256732638533775,	 0.07138256732638537105,	 0.69806667786282983190,	 43.72615593892918184338,	 62.63893883718852606535,	 143277.70234640178387053311,	 145239.52067572629312053323,	 0.00000000000000000000,	 0.00000000000000000000,	 -531.53377472117938395968,	 0.00000000000000000000,	 0.00000000000000000000,	 -26.57668873605896919798,	 0.05000000000000000278,	 0.09123419260981585621,	 0.00000000000000000000,	 0.00000000000000000000
5.97299999999999986500,	 34.54999999999999715783,	 0.39999999999999996669,	 0.50265482457436694297, 1128379.16709551215171813965,	 0.47140757622539775085,	 0.07140757622539778415,	 0.69814075078520321238,	 43.48573578375162185239,	 62.28792078795421360837,	 143272.17888919089455157518,	 145212.07142723412835039198,	 0.00000000000000000000,	 0.00000000000000000000,	 -528.52710842451119788166,	 0.00000000000000000000,	 0.00000000000000000000,	 -26.42635542122556202571,	 0.05000000000000000278,	 0.09072052505336439254,	 0.00000000000000000000,	 0.00000000000000000000
5.97409999999999996589,	 34.54999999999999715783,	 0.39999999999999996669,	 0.50265482457436694297, 1128379.16709551215171813965,	 0.47142969786663735388,	 0.07142969786663738718,	 0.69820627532223478173,	 43.24143371220816334244,	 61.93217569156258406338,	 143260.58847697789315134287,	 145178.38566992318374104798,	 0.00000000000000000000,	 0.00000000000000000000,	 -525.48387148136407631682,	 0.00000000000000000000,	 0.00000000000000000000,	 -26.27419357406820310530,	 0.04999999999999999584,	 0.09020027640155314774,	 0.00000000000000000000,	 0.00000000000000000000
5.97520000000000006679,	 34.54999999999999715783,	 0.39999999999999996669,	 0.50265482457436694297, 1128379.16709551215171813965,	 0.47144891707025632366,	 0.07144891707025635696,	 0.69826320530422714139,	 42.99327985556706721582,	 61.57173903619234067719,	 143242.91440601690555922687,	 145138.45392998738680034876,	 0.00000000000000000000,	 0.00000000000000000000,	 -522.40433104668090891209,	 0.00000000000000000000,	 0.00000000000000000000,	 -26.12021655233404615615,	 0.05000000000000000278,	 0.08967349544679140139,	 0.00000000000000000000,	 0.00000000000000000000
5.97630000000000016769,	 34.54999999999999715783,	 0.39999999999999996669,	 0.50265482457436694297, 1128379.16709551215171813965,	 0.47146521939312641125,	 0.07146521939312644456,	 0.69831149689477667319,	 42.74130513813375387144,	 61.20664678756408960680,	 143219.14062968135112896562,	 145092.26743517015711404383,	 0.00000000000000000000,	 0.00000000000000000000,	 -519.28875573345362681721,	 0.00000000000000000000,	 0.00000000000000000000,	 -25.96443778667268276195,	 0.05000000000000000278,	 0.08914023145153252004,	 0.00000000000000000000,	 0.00000000000000000000
5.97740000000000026859,	 34.54999999999999715783,	 0.39999999999999996669,	 0.50265482457436694297, 1128379.16709551215171813965,	 0.47147859107777684295,	 0.07147859107777687626,	 0.69835110844259207230,	 42.48554109097071318502,	 60.83693514243664424157,	 143189.25116340583190321922,	 145039.81750216835644096136,	 0.00000000000000000000,	 0.00000000000000000000,	 -516.13741360655546941416,	 0.00000000000000000000,	 0.00000000000000000000,	 -25.80687068032777276017,	 0.04999999999999999584,	 0.08860053379659603434,	 0.00000000000000000000,	 0.00000000000000000000
5.97850000000000036948,	 34.54999999999999715783,	 0.39999999999999996669,	 0.50265482457436694297, 1128379.16709551215171813965,	 0.47148901898386591514,	 0.07148901898386594844,	 0.69838200028136154796,	 42.22601958855528181402,	 60.46264017621219011289,	 143153.23023899286636151373,	 144981.09566753191757015884,	 0.00000000000000000000,	 0.00000000000000000000,	 -512.95056929655606836604,	 0.00000000000000000000,	 0.00000000000000000000,	 -25.64752846482780768156,	 0.05000000000000000971,	 0.08805445147685732332,	 0.00000000000000000000,	 0.00000000000000000000
5.97960000000000047038,	 34.54999999999999715783,	 0.39999999999999996669,	 0.50265482457436694297, 1128379.16709551215171813965,	 0.47149649047006192415,	 0.07149649047006195746,	 0.69840413438250881217,	 41.96277234636193753659,	 60.08379716059835828901,	 143111.06005606945836916566,	 144916.09139668743591755629,	 0.00000000000000000000,	 0.00000000000000000000,	 -509.72847836638078433680,	 0.00000000000000000000,	 0.00000000000000000000,	 -25.48642391831904063793,	 0.05000000000000000278,	 0.08750203212089717464,	 0.00000000000000000000,	 0.00000000000000000000
5.98070000000000057128,	 34.54999999999999715783,	 0.39999999999999996669,	 0.50265482457436694297, 1128379.16709551215171813965,	 0.47150099247453997053,	 0.07150099247454000384,	 0.69841747163364442663,	 41.69583088252790048500,	 59.70044074785043619613,	 143062.55875905026914551854,	 144844.63007179406122304499,	 0.00000000000000000000,	 0.00000000000000000000,	 -506.47138988640932666385,	 0.00000000000000000000,	 0.00000000000000000000,	 -25.32356949432046988591,	 0.05000000000000000971,	 0.08694332234622026423,	 0.00000000000000000000,	 0.00000000000000000000
5.98180000000000067217,	 34.54999999999999715783,	 0.39999999999999996669,	 0.50265482457436694297, 1128379.16709551215171813965,	 0.47150245123925343949,	 0.07150245123925347279,	 0.69842179327179665371,	 41.42529159253375325989,	 59.31271330820680276474,	 143007.57202996156411245465,	 144766.57100995234213769436,	 0.00000000000000000000,	 0.00000000000000000000,	 -503.18052983448768600283,	 0.00000000000000000000,	 0.00000000000000000000,	 -25.15902649172438643177,	 0.05000000000000000278,	 0.08637853105422750588,	 0.00000000000000000000,	 0.00000000000000000000
5.98289999999999988489,	 34.54999999999999715783,	 0.39999999999999996669,	 0.50265482457436694297, 1128379.16709551215171813965,	 0.47150109667047507278,	 0.07150109667047510609,	 0.69841778031706502894,	 41.15122663915347089869,	 58.92064577804963221297,	 142949.06451853096950799227,	 144684.88576798216672614217,	 0.00000000000000000000,	 0.00000000000000000000,	 -499.85585352076816434419,	 0.00000000000000000000,	 0.00000000000000000000,	 -24.99279267603840892775,	 0.05000000000000000278,	 0.08580767693712179622,	 0.00000000000000000000,	 0.00000000000000000000
5.98399999999999998579,	 34.54999999999999715783,	 0.39999999999999996669,	 0.50265482457436694297, 1128379.16709551215171813965,	 0.47149669598430371531,	 0.07149669598430374862,	 0.69840474321854606465,	 40.87365451575598740419,	 58.52430830780559034565,	 142882.34012026173877529800,	 144594.88745171527261845767,	 0.00000000000000000000,	 0.00000000000000000000,	 -496.49814139740118434929,	 0.00000000000000000000,	 0.00000000000000000000,	 -24.82490706987006134909,	 0.05000000000000000278,	 0.08523087806275665701,	 0.00000000000000000000,	 0.00000000000000000000
5.98510000000000008669,	 34.54999999999999715783,	 0.39999999999999996669,	 0.50265482457436694297, 1128379.16709551215171813965,	 0.47148929742959311273,	 0.07148929742959314604,	 0.69838282516395078225,	 40.59256844295963162494,	 58.12366367032323921649,	 142809.61609482049243524671,	 144498.79623405091115273535,	 0.00000000000000000000,	 0.00000000000000000000,	 -493.10696117341041144755,	 0.00000000000000000000,	 0.00000000000000000000,	 -24.65534805867052270401,	 0.05000000000000000278,	 0.08464807021536058240,	 0.00000000000000000000,	 0.00000000000000000000
5.98620000000000018758,	 34.54999999999999715783,	 0.39999999999999996669,	 0.50265482457436694297, 1128379.16709551215171813965,	 0.47147889235986262246,	 0.07147889235986265577,	 0.69835200095711869039,	 40.30800979324808963611,	 57.71875750052178233318,	 142730.76728956619626842439,	 144396.49477326820488087833,	 0.00000000000000000000,	 0.00000000000000000000,	 -489.68264272978024109761,	 0.00000000000000000000,	 0.00000000000000000000,	 -24.48413213648901276542,	 0.05000000000000000278,	 0.08405931493287172040,	 0.00000000000000000000,	 0.00000000000000000000
5.98730000000000028848,	 34.54999999999999715783,	 0.39999999999999996669,	 0.50265482457436694297, 1128379.16709551215171813965,	 0.47146547393181903463,	 0.07146547393181906793,	 0.69831225091579929298,	 40.02002199981887997637,	 57.30963755445326057725,	 142645.76395657457760535181,	 144287.96123488596640527248,	 0.00000000000000000000,	 0.00000000000000000000,	 -486.22553059095133676237,	 0.00000000000000000000,	 0.00000000000000000000,	 -24.31127652954756968029,	 0.05000000000000000278,	 0.08346467655225346671,	 0.00000000000000000000,	 0.00000000000000000000
5.98840000000000038938,	 34.54999999999999715783,	 0.39999999999999996669,	 0.50265482457436694297, 1128379.16709551215171813965,	 0.47144903606125720952,	 0.07144903606125724282,	 0.69826355777952264781,	 39.72865002151073099412,	 56.89635321632392361835,	 142554.60541961764101870358,	 144173.20292427597451023757,	 0.00000000000000000000,	 0.00000000000000000000,	 -482.73598089555679280238,	 0.00000000000000000000,	 0.00000000000000000000,	 -24.13679904477784177175,	 0.05000000000000000278,	 0.08286422159059693426,	 0.00000000000000000000,	 0.00000000000000000000
5.98950000000000049027,	 34.54999999999999715783,	 0.39999999999999996669,	 0.50265482457436694297, 1128379.16709551215171813965,	 0.47142957340598662386,	 0.07142957340598665716,	 0.69820590665986048684,	 39.43393999481063616486,	 56.47895501694940634252,	 142457.29366227667196653783,	 144052.22984217997873201966,	 0.00000000000000000000,	 0.00000000000000000000,	 -479.21435737601257187634,	 0.00000000000000000000,	 0.00000000000000000000,	 -23.96071786880062859382,	 0.05000000000000000278,	 0.08225801804948278118,	 0.00000000000000000000,	 0.00000000000000000000
5.99060000000000059117,	 34.54999999999999715783,	 0.39999999999999996669,	 0.50265482457436694297, 1128379.16709551215171813965,	 0.47140708130192982006,	 0.07140708130192985337,	 0.69813928485178367023,	 39.13593922912419031945,	 56.05749465514296048241,	 142353.83104072412243112922,	 143925.05239422980230301619,	 0.00000000000000000000,	 0.00000000000000000000,	 -475.66103165292838639289,	 0.00000000000000000000,	 0.00000000000000000000,	 -23.78305158264641860910,	 0.04999999999999999584,	 0.08164613545591706267,	 0.00000000000000000000,	 0.00000000000000000000
5.99170000000000069207,	 34.54999999999999715783,	 0.39999999999999996669,	 0.50265482457436694297, 1128379.16709551215171813965,	 0.47138155574524298608,	 0.07138155574524301938,	 0.69806368178118116674,	 38.83469619214086776537,	 55.63202499383745447403,	 142244.22113795310724526644,	 143791.68224041059147566557,	 0.00000000000000000000,	 0.00000000000000000000,	 -472.07638326777163229053,	 0.00000000000000000000,	 0.00000000000000000000,	 -23.60381916338858587778,	 0.05000000000000000971,	 0.08102864486240818342,	 0.00000000000000000000,	 0.00000000000000000000
5.99279999999999990479,	 34.54999999999999715783,	 0.39999999999999996669,	 0.50265482457436694297, 1128379.16709551215171813965,	 0.47135299339335490210,	 0.07135299339335493540,	 0.69797908900823146805,	 38.53026048531430802768,	 55.20260003786432889683,	 142128.46886625865590758622,	 143652.13239172886824235320,	 0.00000000000000000000,	 0.00000000000000000000,	 -468.46079954176923365594,	 0.00000000000000000000,	 0.00000000000000000000,	 -23.42303997708846452497,	 0.05000000000000000278,	 0.08040561881877789085,	 0.00000000000000000000,	 0.00000000000000000000
5.99390000000000000568,	 34.54999999999999715783,	 0.39999999999999996669,	 0.50265482457436694297, 1128379.16709551215171813965,	 0.47132139155969604571,	 0.07132139155969607902,	 0.69788550021190198791,	 38.22268281892721830673,	 54.76927491303587913762,	 142006.58024471797398291528,	 143506.41698196783545427024,	 0.00000000000000000000,	 0.00000000000000000000,	 -464.81467545356656501099,	 0.00000000000000000000,	 0.00000000000000000000,	 -23.24073377267832896109,	 0.05000000000000000278,	 0.07977713134653618976,	 0.00000000000000000000,	 0.00000000000000000000
5.99500000000000010658,	 34.54999999999999715783,	 0.39999999999999996669,	 0.50265482457436694297, 1128379.16709551215171813965,	 0.47128674819885396641,	 0.07128674819885399971,	 0.69778291114591395328,	 37.91201499150060527654,	 54.33210585401222658675,	 141878.56225479644490405917,	 143354.55111806222703307867,	 0.00000000000000000000,	 0.00000000000000000000,	 -461.13841360196630603241,	 0.00000000000000000000,	 0.00000000000000000000,	 -23.05692068009831885433,	 0.05000000000000000971,	 0.07914325792696008666,	 0.00000000000000000000,	 0.00000000000000000000
5.99610000000000020748,	 34.54999999999999715783,	 0.39999999999999996669,	 0.50265482457436694297, 1128379.16709551215171813965,	 0.47124906189204862628,	 0.07124906189204865958,	 0.69767131959549133491,	 37.59830989203729245673,	 53.89115022506118179990,	 141744.42291493678931146860,	 143196.55095122684724628925,	 0.00000000000000000000,	 0.00000000000000000000,	 -457.43242444825318671064,	 0.00000000000000000000,	 0.00000000000000000000,	 -22.87162122241266004607,	 0.05000000000000000278,	 0.07850407553712542008,	 0.00000000000000000000,	 0.00000000000000000000
5.99720000000000030838,	 34.54999999999999715783,	 0.39999999999999996669,	 0.50265482457436694297, 1128379.16709551215171813965,	 0.47120833184333299481,	 0.07120833184333302812,	 0.69755072536570006392,	 37.28162157609225602073,	 53.44646664448220718668,	 141604.17157166069955565035,	 143032.43397005056613124907,	 0.00000000000000000000,	 0.00000000000000000000,	 -453.69712742899503155058,	 0.00000000000000000000,	 0.00000000000000000000,	 -22.68485637144975441970,	 0.05000000000000000971,	 0.07785966283614254024,	 0.00000000000000000000,	 0.00000000000000000000
5.99830000000000040927,	 34.54999999999999715783,	 0.39999999999999996669,	 0.50265482457436694297, 1128379.16709551215171813965,	 0.47116455789889993833,	 0.07116455789889997163,	 0.69742113033802022315,	 36.96200550696479325552,	 52.99811534108575017399,	 141457.81953586218878626823,	 142862.21965071570593863726,	 0.00000000000000000000,	 0.00000000000000000000,	 -449.93295401864935456615,	 0.00000000000000000000,	 0.00000000000000000000,	 -22.49664770093246701776,	 0.04999999999999999584,	 0.07721010068772708734,	 0.00000000000000000000,	 0.00000000000000000000
5.99940000000000051017,	 34.54999999999999715783,	 0.39999999999999996669,	 0.50265482457436694297, 1128379.16709551215171813965,	 0.47111774061119998658,	 0.07111774061120001988,	 0.69728253865934863853,	 36.63951908967284509799,	 52.54615892163157298000,	 141305.38134223013184964657,	 142685.93075093880179338157,	 0.00000000000000000000,	 0.00000000000000000000,	 -446.14035424317773959046,	 0.00000000000000000000,	 0.00000000000000000000,	 -22.30701771215888840061,	 0.05000000000000000278,	 0.07655547327822981307,	 0.00000000000000000000,	 0.00000000000000000000
6.00050000000000061107,	 34.54999999999999715783,	 0.39999999999999996669,	 0.50265482457436694297, 1128379.16709551215171813965,	 0.47106788138312077896,	 0.07106788138312081227,	 0.69713495716766737953,	 36.31422263686314266806,	 52.09066374235661811554,	 141146.87696704710833728313,	 142503.59559160674689337611,	 0.00000000000000000000,	 0.00000000000000000000,	 -442.31980825702805759647,	 0.00000000000000000000,	 0.00000000000000000000,	 -22.11599041285140287982,	 0.05000000000000000278,	 0.07589587010915106735,	 0.00000000000000000000,	 0.00000000000000000000
6.00160000000000071196,	 34.54999999999999715783,	 0.39999999999999996669,	 0.50265482457436694297, 1128379.16709551215171813965,	 0.47101498273874675693,	 0.07101498273874679024,	 0.69697839619182855309,	 35.98618088561875794085,	 51.63170204735344981373,	 140982.33525581040885299444,	 142315.25158396374899893999,	 0.00000000000000000000,	 0.00000000000000000000,	 -438.47184433189465835312,	 0.00000000000000000000,	 0.00000000000000000000,	 -21.92359221659473433874,	 0.05000000000000000278,	 0.07523138909839750810,	 0.00000000000000000000,	 0.00000000000000000000
6.00269999999999992468,	 34.54999999999999715783,	 0.39999999999999996669,	 0.50265482457436694297, 1128379.16709551215171813965,	 0.47095904876893512903,	 0.07095904876893516233,	 0.69681287086783272322,	 35.65546514006654632567,	 51.16935497425600942734,	 140811.79856746975565329194,	 142120.95001171046169474721,	 0.00000000000000000000,	 0.00000000000000000000,	 -434.59706408028716850822,	 0.00000000000000000000,	 0.00000000000000000000,	 -21.72985320401436126758,	 0.05000000000000000971,	 0.07456214093407878551,	 0.00000000000000000000,	 0.00000000000000000000
6.00380000000000002558,	 34.54999999999999715783,	 0.39999999999999996669,	 0.50265482457436694297, 1128379.16709551215171813965,	 0.47090008578625802693,	 0.07090008578625806024,	 0.69663840307325408663,	 35.32215605711557060431,	 50.70371644929444698846,	 140635.32830257344176061451,	 141920.76173345866845920682,	 0.00000000000000000000,	 0.00000000000000000000,	 -430.69617508890331691873,	 0.00000000000000000000,	 0.00000000000000000000,	 -21.53480875444516584594,	 0.05000000000000000278,	 0.07388825471193549710,	 0.00000000000000000000,	 0.00000000000000000000
6.00490000000000012648,	 34.54999999999999715783,	 0.39999999999999996669,	 0.50265482457436694297, 1128379.16709551215171813965,	 0.47083810319729924032,	 0.07083810319729927363,	 0.69645502400270620225,	 34.98634701054462681213,	 50.23489788252095422649,	 140453.01076323760207742453,	 141714.78324587125098332763,	 0.00000000000000000000,	 0.00000000000000000000,	 -426.77003021967072982079,	 0.00000000000000000000,	 0.00000000000000000000,	 -21.33850151098353720158,	 0.05000000000000000278,	 0.07320988472775644129,	 0.00000000000000000000,	 0.00000000000000000000
6.00600000000000022737,	 34.54999999999999715783,	 0.39999999999999996669,	 0.50265482457436694297, 1128379.16709551215171813965,	 0.47077311457122356098,	 0.07077311457122359428,	 0.69626277732110342100,	 34.64814786991640005454,	 49.76303343864857708923,	 140264.96276743273483589292,	 141503.14251594076631590724,	 0.00000000000000000000,	 0.00000000000000000000,	 -422.81967171360116708456,	 0.00000000000000000000,	 0.00000000000000000000,	 -21.14098358568005764369,	 0.04999999999999999584,	 0.07252721810121073864,	 0.00000000000000000000,	 0.00000000000000000000
6.00710000000000032827,	 34.54999999999999715783,	 0.39999999999999996669,	 0.50265482457436694297, 1128379.16709551215171813965,	 0.47070513885727244263,	 0.07070513885727247594,	 0.69606172275376476666,	 34.30768892345135157029,	 49.28828550968584920611,	 140071.33642574856639839709,	 141286.00396999070653691888,	 0.00000000000000000000,	 0.00000000000000000000,	 -418.84637698532606009394,	 0.00000000000000000000,	 0.00000000000000000000,	 -20.94231884926630371524,	 0.05000000000000000278,	 0.07184048269177739643,	 0.00000000000000000000,	 0.00000000000000000000
6.00820000000000042917,	 34.54999999999999715783,	 0.39999999999999996669,	 0.50265482457436694297, 1128379.16709551215171813965,	 0.47063420167762559654,	 0.07063420167762562984,	 0.69585193989496418876,	 33.96512456263624102348,	 48.81084985947316567945,	 139872.32242428802419453859,	 141063.57195629004854708910,	 0.00000000000000000000,	 0.00000000000000000000,	 -414.85170168663222511896,	 0.00000000000000000000,	 0.00000000000000000000,	 -20.74258508433161196649,	 0.05000000000000000278,	 0.07114995454140002340,	 0.00000000000000000000,	 0.00000000000000000000
6.00930000000000053006,	 34.54999999999999715783,	 0.39999999999999996669,	 0.50265482457436694297, 1128379.16709551215171813965,	 0.47056033659843360395,	 0.07056033659843363726,	 0.69563353194685317860,	 33.62063629211124293761,	 48.33095983458123612309,	 139668.15123454411514103413,	 140836.09207381005398929119,	 0.00000000000000000000,	 0.00000000000000000000,	 -410.83751498440352634134,	 0.00000000000000000000,	 0.00000000000000000000,	 -20.54187574922017844870,	 0.05000000000000000278,	 0.07045596396908210268,	 0.00000000000000000000,	 0.00000000000000000000
6.01040000000000063096,	 34.54999999999999715783,	 0.39999999999999996669,	 0.50265482457436694297, 1128379.16709551215171813965,	 0.47048358626986763742,	 0.07048358626986767073,	 0.69540662906569827850,	 33.27443467480797067992,	 47.84888910178102605641,	 139459.09194251446751877666,	 140603.85003665174008347094,	 0.00000000000000000000,	 0.00000000000000000000,	 -406.80602255344217610400,	 0.00000000000000000000,	 0.00000000000000000000,	 -20.34030112767210951574,	 0.05000000000000000278,	 0.06975889953815264666,	 0.00000000000000000000,	 0.00000000000000000000
6.01150000000000073186,	 34.54999999999999715783,	 0.39999999999999996669,	 0.50265482457436694297, 1128379.16709551215171813965,	 0.47040400333127413424,	 0.07040400333127416754,	 0.69517139100833125198,	 32.92675994994178267916,	 47.36495255102806112291,	 139245.44874044027528725564,	 140367.16810552083188667893,	 0.00000000000000000000,	 0.00000000000000000000,	 -402.75977428425142079504,	 0.00000000000000000000,	 0.00000000000000000000,	 -20.13798871421257175029,	 0.05000000000000000278,	 0.06905920937578917396,	 0.00000000000000000000,	 0.00000000000000000000
6.01259999999999994458,	 34.54999999999999715783,	 0.39999999999999996669,	 0.50265482457436694297, 1128379.16709551215171813965,	 0.47032165099890688165,	 0.07032165099890691495,	 0.69492800883544114665,	 32.57788122877054348692,	 46.87950523589412910042,	 139027.55544308171374723315,	 140126.39944866282166913152,	 0.00000000000000000000,	 0.00000000000000000000,	 -398.70165565482824376886,	 0.00000000000000000000,	 0.00000000000000000000,	 -19.93508278274141432007,	 0.05000000000000000278,	 0.06835739966132084455,	 0.00000000000000000000,	 0.00000000000000000000
6.01370000000000004547,	 34.54999999999999715783,	 0.39999999999999996669,	 0.50265482457436694297, 1128379.16709551215171813965,	 0.47023660328613064996,	 0.07023660328613068327,	 0.69467670552463689493,	 32.22809434120799920720,	 46.39293945644622141344,	 138805.76861199675477109849,	 139881.92102770149358548224,	 0.00000000000000000000,	 0.00000000000000000000,	 -394.63486366004502770011,	 0.00000000000000000000,	 0.00000000000000000000,	 -19.73174318300225493772,	 0.05000000000000000971,	 0.06765403043644810377,	 0.00000000000000000000,	 0.00000000000000000000
6.01480000000000014637,	 34.54999999999999715783,	 0.39999999999999996669,	 0.50265482457436694297, 1128379.16709551215171813965,	 0.47014894484262492735,	 0.07014894484262496066,	 0.69441773545483320706,	 31.87771854322813425142,	 45.90568027809472084755,	 138580.45996455720160156488,	 139634.12570545452763326466,	 0.00000000000000000000,	 0.00000000000000000000,	 -390.56286976001553057358,	 0.00000000000000000000,	 0.00000000000000000000,	 -19.52814348800077937085,	 0.05000000000000000971,	 0.06694970916236013536,	 0.00000000000000000000,	 0.00000000000000000000
6.01590000000000024727,	 34.54999999999999715783,	 0.39999999999999996669,	 0.50265482457436694297, 1128379.16709551215171813965,	 0.47005877043327581877,	 0.07005877043327585207,	 0.69415138282467458986,	 31.52709238160794669170,	 45.41817989804524557940,	 138352.00871635813382454216,	 139383.41424898372497409582,	 0.00000000000000000000,	 0.00000000000000000000,	 -386.48937328565216375864,	 0.00000000000000000000,	 0.00000000000000000000,	 -19.32446866428260889847,	 0.05000000000000000278,	 0.06624508261858104430,	 0.00000000000000000000,	 0.00000000000000000000
6.01700000000000034817,	 34.54999999999999715783,	 0.39999999999999996669,	 0.50265482457436694297, 1128379.16709551215171813965,	 0.46996618410440227365,	 0.06996618410440230695,	 0.69387795914740968417,	 31.17656904643142823375,	 44.93091131578683672387,	 138120.79439472832018509507,	 139130.18779056187486276031,	 0.00000000000000000000,	 0.00000000000000000000,	 -382.41824910368876544453,	 0.00000000000000000000,	 0.00000000000000000000,	 -19.12091245518443827223,	 0.05000000000000000278,	 0.06554082780224919358,	 0.00000000000000000000,	 0.00000000000000000000
6.01810000000000044906,	 34.54999999999999715783,	 0.39999999999999996669,	 0.50265482457436694297, 1128379.16709551215171813965,	 0.46987129810256317297,	 0.06987129810256320628,	 0.69359780001652526771,	 30.82651153135854471543,	 44.44436174772193481886,	 137887.19050941188470460474,	 138874.84115499307517893612,	 0.00000000000000000000,	 0.00000000000000000000,	 -378.35349319864735662122,	 0.00000000000000000000,	 0.00000000000000000000,	 -18.91767465993236640998,	 0.04999999999999999584,	 0.06483764246222047112,	 0.00000000000000000000,	 0.00000000000000000000
6.01920000000000054996,	 34.54999999999999715783,	 0.39999999999999996669,	 0.50265482457436694297, 1128379.16709551215171813965,	 0.46977423161924353190,	 0.06977423161924356521,	 0.69331126136002740878,	 30.47728787959093921245,	 43.95902616640822913041,	 137651.55930703566991724074,	 138617.75729778513778001070,	 0.00000000000000000000,	 0.00000000000000000000,	 -374.29916932555329367460,	 0.00000000000000000000,	 0.00000000000000000000,	 -18.71495846627766468373,	 0.05000000000000000278,	 0.06413623581573615895,	 0.00000000000000000000,	 0.00000000000000000000
6.02030000000000065086,	 34.54999999999999715783,	 0.39999999999999996669,	 0.50265482457436694297, 1128379.16709551215171813965,	 0.46967510943471302287,	 0.06967510943471305618,	 0.69301871540093884505,	 30.12926673412489364523,	 43.47540126199032783916,	 137414.24769366605323739350,	 138359.30295111157465726137,	 0.00000000000000000000,	 0.00000000000000000000,	 -370.25935919249394601138,	 0.00000000000000000000,	 0.00000000000000000000,	 -18.51296795962469943220,	 0.05000000000000000278,	 0.06343731987541144368,	 0.00000000000000000000,	 0.00000000000000000000
6.02139999999999986358,	 34.54999999999999715783,	 0.39999999999999996669,	 0.50265482457436694297, 1128379.16709551215171813965,	 0.46957406052775241267,	 0.06957406052775244598,	 0.69272054652178083334,	 29.78281334383683542910,	 42.99398003044564120501,	 137175.58430631412193179131,	 138099.82546574331354349852,	 0.00000000000000000000,	 0.00000000000000000000,	 -366.23811785621103354060,	 0.00000000000000000000,	 0.00000000000000000000,	 -18.31190589281055025594,	 0.04999999999999999584,	 0.06274160168002156091,	 0.00000000000000000000,	 0.00000000000000000000
6.02249999999999996447,	 34.54999999999999715783,	 0.39999999999999996669,	 0.50265482457436694297, 1128379.16709551215171813965,	 0.46947121670699670792,	 0.06947121670699674123,	 0.69241714719814917434,	 29.43828610566533043880,	 42.51524709459710749115,	 136935.87751234063762240112,	 137839.65063009795267134905,	 0.00000000000000000000,	 0.00000000000000000000,	 -362.23943519103062271824,	 0.00000000000000000000,	 0.00000000000000000000,	 -18.11197175955152971483,	 0.04999999999999999584,	 0.06204977658008521690,	 0.00000000000000000000,	 0.00000000000000000000
6.02360000000000006537,	 34.54999999999999715783,	 0.39999999999999996669,	 0.50265482457436694297, 1128379.16709551215171813965,	 0.46936671130945617492,	 0.06936671130945620822,	 0.69210891413611708156,	 29.09603368347906027225,	 42.03967481013651763533,	 136695.41455324718845076859,	 137579.08168231821036897600,	 0.00000000000000000000,	 0.00000000000000000000,	 -358.26720384880064784738,	 0.00000000000000000000,	 0.00000000000000000000,	 -17.91336019244003097128,	 0.04999999999999999584,	 0.06136252265214589552,	 0.00000000000000000000,	 0.00000000000000000000
6.02470000000000016627,	 34.54999999999999715783,	 0.39999999999999996669,	 0.50265482457436694297, 1128379.16709551215171813965,	 0.46926067797055270869,	 0.06926067797055274200,	 0.69179624462633582116,	 28.75639275227197444451,	 41.56772022924805298771,	 136454.45816832018317654729,	 137318.39585084869759157300,	 0.00000000000000000000,	 0.00000000000000000000,	 -354.32519433777514450412,	 0.00000000000000000000,	 0.00000000000000000000,	 -17.71625971688876077792,	 0.05000000000000000971,	 0.06068049634851092194,	 0.00000000000000000000,	 0.00000000000000000000
6.02580000000000026716,	 34.54999999999999715783,	 0.39999999999999996669,	 0.50265482457436694297, 1128379.16709551215171813965,	 0.46915324734372793047,	 0.06915324734372796378,	 0.69147952685980262899,	 28.41969165083848025688,	 41.09983093772864037874,	 136213.28095323962043039501,	 137057.87900479455129243433,	 0.00000000000000000000,	 0.00000000000000000000,	 -350.41710716427468241818,	 0.00000000000000000000,	 0.00000000000000000000,	 -17.52085535821373341037,	 0.04999999999999999584,	 0.06000434122240580481,	 0.00000000000000000000,	 0.00000000000000000000
6.02690000000000036806,	 34.54999999999999715783,	 0.39999999999999996669,	 0.50265482457436694297, 1128379.16709551215171813965,	 0.46904455951097634436,	 0.06904455951097637767,	 0.69115917650078018131,	 28.08624462055070836186,	 40.63643452257485222390,	 135972.17337854841025546193,	 136797.83328390217502601445,	 0.00000000000000000000,	 0.00000000000000000000,	 -346.54647366503695593565,	 0.00000000000000000000,	 0.00000000000000000000,	 -17.32732368325184779678,	 0.05000000000000000278,	 0.05933467174873070793,	 0.00000000000000000000,	 0.00000000000000000000
6.02800000000000046896,	 34.54999999999999715783,	 0.39999999999999996669,	 0.50265482457436694297, 1128379.16709551215171813965,	 0.46893474191237261017,	 0.06893474191237264348,	 0.69083557161480801945,	 27.75634750866534261604,	 40.17793618210146178171,	 135731.25940538107533939183,	 136538.39268330758204683661,	 0.00000000000000000000,	 0.00000000000000000000,	 -342.71665194394415721035,	 0.00000000000000000000,	 0.00000000000000000000,	 -17.13583259719720786052,	 0.05000000000000000278,	 0.05867207123143700076,	 0.00000000000000000000,	 0.00000000000000000000
6.02910000000000056986,	 34.54999999999999715783,	 0.39999999999999996669,	 0.50265482457436694297, 1128379.16709551215171813965,	 0.46882392037305109511,	 0.06882392037305112842,	 0.69050908518451670215,	 27.43027674187053221999,	 39.72471518537755486022,	 135490.73251172638265416026,	 136279.75901000606245361269,	 0.00000000000000000000,	 0.00000000000000000000,	 -338.93078794928322849955,	 0.00000000000000000000,	 0.00000000000000000000,	 -16.94653939746416426715,	 0.05000000000000000971,	 0.05801708588605790362,	 0.00000000000000000000,	 0.00000000000000000000
6.03020000000000067075,	 34.54999999999999715783,	 0.39999999999999996669,	 0.50265482457436694297, 1128379.16709551215171813965,	 0.46871221696593512451,	 0.06871221696593515782,	 0.69018007881248522040,	 27.10829156352103552763,	 39.27712838388961813507,	 135250.75922844864544458687,	 136022.10563549090875312686,	 0.00000000000000000000,	 0.00000000000000000000,	 -335.19184661443705408601,	 0.00000000000000000000,	 0.00000000000000000000,	 -16.75959233072185128322,	 0.04999999999999999584,	 0.05737023006906170203,	 0.00000000000000000000,	 0.00000000000000000000
6.03129999999999988347,	 34.54999999999999715783,	 0.39999999999999996669,	 0.50265482457436694297, 1128379.16709551215171813965,	 0.46859974937107717885,	 0.06859974937107721216,	 0.68984890084076300187,	 26.79063397089914033700,	 38.83551012148846126593,	 135011.48802439030259847641,	 135765.58644758843001909554,	 0.00000000000000000000,	 0.00000000000000000000,	 -331.50261111842979744324,	 0.00000000000000000000,	 0.00000000000000000000,	 -16.57513055592148987216,	 0.05000000000000000278,	 0.05673198614844547627,	 0.00000000000000000000,	 0.00000000000000000000
6.03239999999999998437,	 34.54999999999999715783,	 0.39999999999999996669,	 0.50265482457436694297, 1128379.16709551215171813965,	 0.46848663047201727361,	 0.06848663047201730691,	 0.68951588517202977435,	 26.47752875011044437770,	 38.40017223606744067865,	 134773.05058050985098816454,	 135510.33719438966363668442,	 0.00000000000000000000,	 0.00000000000000000000,	 -327.86568271865411361432,	 0.00000000000000000000,	 0.00000000000000000000,	 -16.39328413593270639126,	 0.05000000000000000278,	 0.05610280449026626426,	 0.00000000000000000000,	 0.00000000000000000000
6.03350000000000008527,	 34.54999999999999715783,	 0.39999999999999996669,	 0.50265482457436694297, 1128379.16709551215171813965,	 0.46837296803682021418,	 0.06837296803682024748,	 0.68918135034283889429,	 26.16918364038071942446,	 37.97140422816526239558,	 134535.56277524508186616004,	 135256.47654477445757947862,	 0.00000000000000000000,	 0.00000000000000000000,	 -324.28348192101651648045,	 0.00000000000000000000,	 0.00000000000000000000,	 -16.21417409605082937674,	 0.05000000000000000971,	 0.05548310368152597344,	 0.00000000000000000000,	 0.00000000000000000000
6.03460000000000018616,	 34.54999999999999715783,	 0.39999999999999996669,	 0.50265482457436694297, 1128379.16709551215171813965,	 0.46825886447476411378,	 0.06825886447476414709,	 0.68884559882187301749,	 25.86578960622674827619,	 37.54947356920737888686,	 134299.12555424059974029660,	 135004.10703690288937650621,	 0.00000000000000000000,	 0.00000000000000000000,	 -320.75825077076376601326,	 0.00000000000000000000,	 0.00000000000000000000,	 -16.03791253853819043229,	 0.05000000000000000971,	 0.05487327095094202828,	 0.00000000000000000000,	 0.00000000000000000000
6.03570000000000028706,	 34.54999999999999715783,	 0.39999999999999996669,	 0.50265482457436694297, 1128379.16709551215171813965,	 0.46814441665877398746,	 0.06814441665877402077,	 0.68850891650359324903,	 25.56752119510691301230,	 37.13462612066764734209,	 134063.82577299803961068392,	 134753.31600155893829651177,	 0.00000000000000000000,	 0.00000000000000000000,	 -317.29205603436452065580,	 0.00000000000000000000,	 0.00000000000000000000,	 -15.86460280171822567752,	 0.04999999999999999584,	 0.05427366274698543908,	 0.00000000000000000000,	 0.00000000000000000000
6.03680000000000038796,	 34.54999999999999715783,	 0.39999999999999996669,	 0.50265482457436694297, 1128379.16709551215171813965,	 0.46802971580623781156,	 0.06802971580623784487,	 0.68817157237519233082,	 25.27453696290455908979,	 36.72708664159239333458,	 133829.73701873444952070713,	 134504.17646532398066483438,	 0.00000000000000000000,	 0.00000000000000000000,	 -313.88679309240478687570,	 0.00000000000000000000,	 0.00000000000000000000,	 -15.69433965462024005433,	 0.05000000000000000278,	 0.05368460544130956857,	 0.00000000000000000000,	 0.00000000000000000000
6.03790000000000048885,	 34.54999999999999715783,	 0.39999999999999996669,	 0.50265482457436694297, 1128379.16709551215171813965,	 0.46791484741117528312,	 0.06791484741117531643,	 0.68783381833577739162,	 24.98697995287618311977,	 36.32705936636337185064,	 133596.92040600444306619465,	 134256.74802710808580741286,	 0.00000000000000000000,	 0.00000000000000000000,	 -310.54419040002244400966,	 0.00000000000000000000,	 0.00000000000000000000,	 -15.52720952000112397684,	 0.05000000000000000278,	 0.05310639613205943299,	 0.00000000000000000000,	 0.00000000000000000000
6.03900000000000058975,	 34.54999999999999715783,	 0.39999999999999996669,	 0.50265482457436694297, 1128379.16709551215171813965,	 0.46779989122123799561,	 0.06779989122123802892,	 0.68749588914824588670,	 24.70497821541017557934,	 35.93472863673080297531,	 133365.42534188943682238460,	 134011.07770298718241974711,	 0.00000000000000000000,	 0.00000000000000000000,	 -307.26581438845249749647,	 0.00000000000000000000,	 0.00000000000000000000,	 -15.36329071942262558537,	 0.05000000000000000278,	 0.05253930352458324737,	 0.00000000000000000000,	 0.00000000000000000000
6.04010000000000069065,	 34.54999999999999715783,	 0.39999999999999996669,	 0.50265482457436694297, 1128379.16709551215171813965,	 0.46768492125344751642,	 0.06768492125344754973,	 0.68715800250561542839,	 24.42864535587544594364,	 35.55025957174356676660,	 133135.29025503361481241882,	 133767.20073284278623759747,	 0.00000000000000000000,	 0.00000000000000000000,	 -304.05307467655728714817,	 0.00000000000000000000,	 0.00000000000000000000,	 -15.20265373382786400214,	 0.04999999999999999584,	 0.05198356886636955332,	 0.00000000000000000000,	 0.00000000000000000000
6.04119999999999990337,	 34.54999999999999715783,	 0.39999999999999996669,	 0.50265482457436694297, 1128379.16709551215171813965,	 0.46757000584289365452,	 0.06757000584289368783,	 0.68682035919453798822,	 24.15808109883445808919,	 35.17379876037107777620,	 132906.54328323699883185327,	 133525.14134285453474149108,	 0.00000000000000000000,	 0.00000000000000000000,	 -300.90722947005872356385,	 0.00000000000000000000,	 0.00000000000000000000,	 -15.04536147350293795455,	 0.05000000000000000278,	 0.05143940691464242432,	 0.00000000000000000000,	 0.00000000000000000000
6.04230000000000000426,	 34.54999999999999715783,	 0.39999999999999996669,	 0.50265482457436694297, 1128379.16709551215171813965,	 0.46745520771900056500,	 0.06745520771900059831,	 0.68648314333989857161,	 23.89337185840282629101,	 34.80547496353089087506,	 132679.20291686328710056841,	 133284.91346058176713995636,	 0.00000000000000000000,	 0.00000000000000000000,	 -297.82939104149090780993,	 0.00000000000000000000,	 0.00000000000000000000,	 -14.89146955207454503523,	 0.04999999999999999584,	 0.05090700691775706943,	 0.00000000000000000000,	 0.00000000000000000000
6.04340000000000010516,	 34.54999999999999715783,	 0.39999999999999996669,	 0.50265482457436694297, 1128379.16709551215171813965,	 0.46734058410441786657,	 0.06734058410441789988,	 0.68614652271576359599,	 23.63459130605395586144,	 34.44539981418020602177,	 132453.27859673931379802525,	 133046.52138091868255287409,	 0.00000000000000000000,	 0.00000000000000000000,	 -294.82053119943947194770,	 0.00000000000000000000,	 0.00000000000000000000,	 -14.74102655997197608428,	 0.05000000000000000971,	 0.05038653359428907352,	 0.00000000000000000000,	 0.00000000000000000000
6.04450000000000020606,	 34.54999999999999715783,	 0.39999999999999996669,	 0.50265482457436694297, 1128379.16709551215171813965,	 0.46722618683210326296,	 0.06722618683210329626,	 0.68581064910947153734,	 23.38180092889206207474,	 34.09366850639231927289,	 132228.77126769183087162673,	 132809.96038380370009690523,	 0.00000000000000000000,	 0.00000000000000000000,	 -291.88148667398047564348,	 0.00000000000000000000,	 0.00000000000000000000,	 -14.59407433369902484799,	 0.05000000000000000278,	 0.04987812809693158156,	 0.00000000000000000000,	 0.00000000000000000000
6.04560000000000030695,	 34.54999999999999715783,	 0.39999999999999996669,	 0.50265482457436694297, 1128379.16709551215171813965,	 0.46711206247669773139,	 0.06711206247669776470,	 0.68547565872726412550,	 23.13505057315127189099,	 33.75036046663796440725,	 132005.67389099573483690619,	 132575.21730680973269045353,	 0.00000000000000000000,	 0.00000000000000000000,	 -289.01296436395602995617,	 0.00000000000000000000,	 0.00000000000000000000,	 -14.45064821819780220835,	 0.05000000000000000278,	 0.04938190895159661614,	 0.00000000000000000000,	 0.00000000000000000000
6.04670000000000040785,	 34.54999999999999715783,	 0.39999999999999996669,	 0.50265482457436694297, 1128379.16709551215171813965,	 0.46699825249695914309,	 0.06699825249695917639,	 0.68514167263184200252,	 22.89437897017946710321,	 33.41554000391633394429,	 131783.97192419183556921780,	 132342.27108106849482282996,	 0.00000000000000000000,	 0.00000000000000000000,	 -286.21554642013501279507,	 0.00000000000000000000,	 0.00000000000000000000,	 -14.31077732100675170557,	 0.05000000000000000278,	 0.04889797296704843227,	 0.00000000000000000000,	 0.00000000000000000000
6.04780000000000050875,	 34.54999999999999715783,	 0.39999999999999996669,	 0.50265482457436694297, 1128379.16709551215171813965,	 0.46688479338666566409,	 0.06688479338666569740,	 0.68480879720414333800,	 22.65981424367661034580,	 33.08925693739541884497,	 131563.64377651477116160095,	 132111.09323884925106540322,	 0.00000000000000000000,	 0.00000000000000000000,	 -283.48969515476579772439,	 0.00000000000000000000,	 0.00000000000000000000,	 -14.17448475773828953095,	 0.04999999999999999584,	 0.04842639611327677340,	 0.00000000000000000000,	 0.00000000000000000000
6.04890000000000060965,	 34.54999999999999715783,	 0.39999999999999996669,	 0.50265482457436694297, 1128379.16709551215171813965,	 0.46677171683212503872,	 0.06677171683212507203,	 0.68447712462379828313,	 22.43137439788222664561,	 32.77154720139250798638,	 131344.66123810544377192855,	 131881.64839109199238009751,	 0.00000000000000000000,	 0.00000000000000000000,	 -280.83575777731903144740,	 0.00000000000000000000,	 0.00000000000000000000,	 -14.04178788886595263818,	 0.05000000000000000278,	 0.04796723436846825339,	 0.00000000000000000000,	 0.00000000000000000000
6.05000000000000071054,	 34.54999999999999715783,	 0.39999999999999996669,	 0.50265482457436694297, 1128379.16709551215171813965,	 0.46665904987506773294,	 0.06665904987506776624,	 0.68414673336460929409,	 22.20906779010007525699,	 32.46243343277642878775,	 131126.98990291127120144665,	 131653.89469509999617002904,	 0.00000000000000000000,	 0.00000000000000000000,	 -278.25397100060229149676,	 0.00000000000000000000,	 0.00000000000000000000,	 -13.91269855003011457484,	 0.05000000000000000278,	 0.04752052454206696919,	 0.00000000000000000000,	 0.00000000000000000000
6.05109999999999992326,	 34.54999999999999715783,	 0.39999999999999996669,	 0.50265482457436694297, 1128379.16709551215171813965,	 0.46654681507988093880,	 0.06654681507988097211,	 0.68381768870195036580,	 21.99289359017124212414,	 32.16192554468577213811,	 130910.58960750179539900273,	 131427.78433487276197411120,	 0.00000000000000000000,	 0.00000000000000000000,	 -275.74446555104310618844,	 0.00000000000000000000,	 0.00000000000000000000,	 -13.78722327755215637524,	 0.05000000000000000278,	 0.04708628507965939569,	 0.00000000000000000000,	 0.00000000000000000000
6.05220000000000002416,	 34.54999999999999715783,	 0.39999999999999996669,	 0.50265482457436694297, 1128379.16709551215171813965,	 0.46643503070476849404,	 0.06643503070476852734,	 0.68349004323082573897,	 21.78284222355550525663,	 31.87002128164006720112,	 130695.41483793586667161435,	 131203.26396618195576593280,	 0.00000000000000000000,	 0.00000000000000000000,	 -273.30727054085519966975,	 0.00000000000000000000,	 0.00000000000000000000,	 -13.66536352704276069403,	 0.05000000000000000278,	 0.04666451684246827186,	 0.00000000000000000000,	 0.00000000000000000000
6.05330000000000012506,	 34.54999999999999715783,	 0.39999999999999996669,	 0.50265482457436694297, 1128379.16709551215171813965,	 0.46632371087814966648,	 0.06632371087814969979,	 0.68316383739840547129,	 21.57889581735451756117,	 31.58670678402756237801,	 130481.41518785887456033379,	 130980.27521058893762528896,	 0.00000000000000000000,	 0.00000000000000000000,	 -270.94231794086203990446,	 0.00000000000000000000,	 0.00000000000000000000,	 -13.54711589704310270577,	 0.05000000000000000278,	 0.04625520390232536888,	 0.00000000000000000000,	 0.00000000000000000000
6.05440000000000022595,	 34.54999999999999715783,	 0.39999999999999996669,	 0.50265482457436694297, 1128379.16709551215171813965,	 0.46621286577843334964,	 0.06621286577843338295,	 0.68283910004554515538,	 21.38102863593701385980,	 31.31195714262833718067,	 130268.53583364735823124647,	 130758.75516369825345464051,	 0.00000000000000000000,	 0.00000000000000000000,	 -268.64944698895789088056,	 0.00000000000000000000,	 0.00000000000000000000,	 -13.43247234944789347821,	 0.04999999999999999584,	 0.04585831432387439677,	 0.00000000000000000000,	 0.00000000000000000000
6.05550000000000032685,	 34.54999999999999715783,	 0.39999999999999996669,	 0.50265482457436694297, 1128379.16709551215171813965,	 0.46610250182023910126,	 0.06610250182023913457,	 0.68251584896626782406,	 21.18920751698471605096,	 31.04573695845699887741,	 130056.71796274968073703349,	 130538.63685439653636422008,	 0.00000000000000000000,	 0.00000000000000000000,	 -266.42840866303998836884,	 0.00000000000000000000,	 0.00000000000000000000,	 -13.32142043315200119480,	 0.05000000000000000971,	 0.04547380095619077411,	 0.00000000000000000000,	 0.00000000000000000000
6.05660000000000042775,	 34.54999999999999715783,	 0.39999999999999996669,	 0.50265482457436694297, 1128379.16709551215171813965,	 0.46599262184340273230,	 0.06599262184340276560,	 0.68219409147445586594,	 21.00339230437689153064,	 30.78800090305875158947,	 129845.89930797556007746607,	 130319.84980777892633341253,	 0.00000000000000000000,	 0.00000000000000000000,	 -264.27887017837883831817,	 0.00000000000000000000,	 0.00000000000000000000,	 -13.21394350891894298172,	 0.05000000000000000278,	 0.04510160222683690101,	 0.00000000000000000000,	 0.00000000000000000000
6.05770000000000052864,	 34.54999999999999715783,	 0.39999999999999996669,	 0.50265482457436694297, 1128379.16709551215171813965,	 0.46588322530907833041,	 0.06588322530907836372,	 0.68187382499036619521,	 20.82353627878513435689,	 30.53869427980951911650,	 129636.01458112538966815919,	 130102.32050528321997262537,	 0.00000000000000000000,	 0.00000000000000000000,	 -262.20041951112875722174,	 0.00000000000000000000,	 0.00000000000000000000,	 -13.11002097555643963744,	 0.05000000000000000971,	 0.04474164293890024735,	 0.00000000000000000000,	 0.00000000000000000000
6.05880000000000062954,	 34.54999999999999715783,	 0.39999999999999996669,	 0.50265482457436694297, 1128379.16709551215171813965,	 0.46577430849569528837,	 0.06577430849569532167,	 0.68155503762575464499,	 20.64958656134604453314,	 30.29775355088026955741,	 129426.99592717710766009986,	 129885.97286229205201379955,	 0.00000000000000000000,	 0.00000000000000000000,	 -260.19256964801257936415,	 0.00000000000000000000,	 0.00000000000000000000,	 -13.00962848240063074456,	 0.05000000000000000971,	 0.04439383501953209771,	 0.00000000000000000000,	 0.00000000000000000000
6.05990000000000073044,	 34.54999999999999715783,	 0.39999999999999996669,	 0.50265482457436694297, 1128379.16709551215171813965,	 0.46566586470133530806,	 0.06566586470133534137,	 0.68123770878683043151,	 20.48148453838242843972,	 30.06510689911235445493,	 129218.77343489076883997768,	 129670.72876131829980295151,	 0.00000000000000000000,	 0.00000000000000000000,	 -258.25476315207470179303,	 0.00000000000000000000,	 0.00000000000000000000,	 -12.91273815760373544492,	 0.05000000000000000278,	 0.04405807832104139538,	 0.00000000000000000000,	 0.00000000000000000000
6.06099999999999994316,	 34.54999999999999715783,	 0.39999999999999996669,	 0.50265482457436694297, 1128379.16709551215171813965,	 0.46555788444564738526,	 0.06555788444564741857,	 0.68092180977489247251,	 20.31916624192816556160,	 29.84067472981299573576,	 129011.27550272320513613522,	 129456.50843688845634460449,	 0.00000000000000000000,	 0.00000000000000000000,	 -256.38637623199196013957,	 0.00000000000000000000,	 0.00000000000000000000,	 -12.81931881159959907279,	 0.05000000000000000278,	 0.04373426133563459300,	 0.00000000000000000000,	 0.00000000000000000000
6.06210000000000004405,	 34.54999999999999715783,	 0.39999999999999996669,	 0.50265482457436694297, 1128379.16709551215171813965,	 0.46545035567164294577,	 0.06545035567164297907,	 0.68060730438566929834,	 20.16256272419131789775,	 29.62437016803761480332,	 128804.42926283537235576659,	 129243.23091676183685194701,	 0.00000000000000000000,	 0.00000000000000000000,	 -254.58672279057361720334,	 0.00000000000000000000,	 0.00000000000000000000,	 -12.72933613952868192598,	 0.05000000000000000278,	 0.04342226190508600286,	 0.00000000000000000000,	 0.00000000000000000000
6.06320000000000014495,	 34.54999999999999715783,	 0.39999999999999996669,	 0.50265482457436694297, 1128379.16709551215171813965,	 0.46534326394734154553,	 0.06534326394734157883,	 0.68029414950729327760,	 20.01160041726874183610,	 29.41609953835741819717,	 128598.16097403201274573803,	 129030.81443005728942807764,	 0.00000000000000000000,	 0.00000000000000000000,	 -252.85505833978209011548,	 0.00000000000000000000,	 0.00000000000000000000,	 -12.64275291698910486105,	 0.05000000000000000278,	 0.04312194790620028917,	 0.00000000000000000000,	 0.00000000000000000000
6.06430000000000024585,	 34.54999999999999715783,	 0.39999999999999996669,	 0.50265482457436694297, 1128379.16709551215171813965,	 0.46523659266601469220,	 0.06523659266601472551,	 0.67998229571326884724,	 19.86620147534527092148,	 29.21576282292258497364,	 128392.39639245928265154362,	 128819.17679112192126922309,	 0.00000000000000000000,	 0.00000000000000000000,	 -251.19058374581530301839,	 0.00000000000000000000,	 0.00000000000000000000,	 -12.55952918729076550619,	 0.05000000000000000278,	 0.04283317790588626883,	 0.00000000000000000000,	 0.00000000000000000000
6.06540000000000034674,	 34.54999999999999715783,	 0.39999999999999996669,	 0.50265482457436694297, 1128379.16709551215171813965,	 0.46513032324416975216,	 0.06513032324416978547,	 0.67967168784794995684,	 19.72628409933544801902,	 29.02325409757017027346,	 128187.06112292250327300280,	 128608.23576212856278289109,	 0.00000000000000000000,	 0.00000000000000000000,	 -249.59244880136043320817,	 0.00000000000000000000,	 0.00000000000000000000,	 -12.47962244006802201568,	 0.05000000000000000278,	 0.04255580178541070596,	 0.00000000000000000000,	 0.00000000000000000000
6.06650000000000044764,	 34.54999999999999715783,	 0.39999999999999996669,	 0.50265482457436694297, 1128379.16709551215171813965,	 0.46502443531664661158,	 0.06502443531664664489,	 0.67936226560272661157,	 19.59176284432736636631,	 28.83846194628672421345,	 127982.08094930909282993525,	 128397.90939302281185518950,	 0.00000000000000000000,	 0.00000000000000000000,	 -248.05975562681908286322,	 0.00000000000000000000,	 0.00000000000000000000,	 -12.40298778134095414316,	 0.05000000000000000278,	 0.04228966133421149104,	 0.00000000000000000000,	 0.00000000000000000000
6.06760000000000054854,	 34.54999999999999715783,	 0.39999999999999996669,	 0.50265482457436694297, 1128379.16709551215171813965,	 0.46491890692751008940,	 0.06491890692751012271,	 0.67905396407910179057,	 19.46254890702102358091,	 28.66126984976096281343,	 127777.38214708675513975322,	 128188.11634178715758025646,	 0.00000000000000000000,	 0.00000000000000000000,	 -246.59156186332350557677,	 0.00000000000000000000,	 0.00000000000000000000,	 -12.32957809316617669992,	 0.05000000000000000278,	 0.04203459080697331124,	 0.00000000000000000000,	 0.00000000000000000000
6.06870000000000064944,	 34.54999999999999715783,	 0.39999999999999996669,	 0.50265482457436694297, 1128379.16709551215171813965,	 0.46481371471901905545,	 0.06481371471901908876,	 0.67874671434536071324,	 19.33855041224111914744,	 28.49155657555235521272,	 127572.89180756825953722000,	 127978.77620561720686964691,	 0.00000000000000000000,	 0.00000000000000000000,	 -245.18688389197438937117,	 0.00000000000000000000,	 0.00000000000000000000,	 -12.25934419459872160019,	 0.05000000000000000971,	 0.04179041748413019064,	 0.00000000000000000000,	 0.00000000000000000000
6.06979999999999986215,	 34.54999999999999715783,	 0.39999999999999996669,	 0.50265482457436694297, 1128379.16709551215171813965,	 0.46470883411387875483,	 0.06470883411387878814,	 0.67844044397285696579,	 19.21967266488747938524,	 28.32919652068445870441,	 127368.53810224769404157996,	 127769.80979000146908219904,	 0.00000000000000000000,	 0.00000000000000000000,	 -243.84469965761203980037,	 0.00000000000000000000,	 0.00000000000000000000,	 -12.19223498288060270056,	 0.05000000000000000278,	 0.04155696216378121366,	 0.00000000000000000000,	 0.00000000000000000000
6.07089999999999996305,	 34.54999999999999715783,	 0.39999999999999996669,	 0.50265482457436694297, 1128379.16709551215171813965,	 0.46460423950092200052,	 0.06460423950092203382,	 0.67813507758158397820,	 19.10581846632183911083,	 28.17406015105196814829,	 127164.25082353693142067641,	 127561.13965623447438701987,	 0.00000000000000000000,	 0.00000000000000000000,	 -242.56395233342300343793,	 0.00000000000000000000,	 0.00000000000000000000,	 -12.12819761667115159298,	 0.05000000000000000278,	 0.04133403979627071206,	 0.00000000000000000000,	 0.00000000000000000000
6.07200000000000006395,	 34.54999999999999715783,	 0.39999999999999996669,	 0.50265482457436694297, 1128379.16709551215171813965,	 0.46449990442447397498,	 0.06449990442447400829,	 0.67783053739577081576,	 18.99688842032950475414,	 28.02601442731640446482,	 126959.96170120846363715827,	 127352.69044354853394906968,	 0.00000000000000000000,	 0.00000000000000000000,	 -241.34355387686267135905,	 0.00000000000000000000,	 0.00000000000000000000,	 -12.06717769384313498904,	 0.05000000000000000278,	 0.04112146009960240822,	 0.00000000000000000000,	 0.00000000000000000000
6.07310000000000016485,	 34.54999999999999715783,	 0.39999999999999996669,	 0.50265482457436694297, 1128379.16709551215171813965,	 0.46439580176400258038,	 0.06439580176400261369,	 0.67752674377040156273,	 18.89278116709282784313,	 27.88492312783916204921,	 126755.60453938455611933023,	 127144.38900830730563029647,	 0.00000000000000000000,	 0.00000000000000000000,	 -240.18238771253808749861,	 0.00000000000000000000,	 0.00000000000000000000,	 -12.00911938562690473020,	 0.05000000000000000278,	 0.04091902802494516017,	 0.00000000000000000000,	 0.00000000000000000000
6.07420000000000026574,	 34.54999999999999715783,	 0.39999999999999996669,	 0.50265482457436694297, 1128379.16709551215171813965,	 0.46429190390373958897,	 0.06429190390373962227,	 0.67722361568780176100,	 18.79339359167175871335,	 27.75064713681730310668,	 126551.11538570340781006962,	 126936.16459395947458688170,	 0.00000000000000000000,	 0.00000000000000000000,	 -239.07931112725816547027,	 0.00000000000000000000,	 0.00000000000000000000,	 -11.95396555636290969460,	 0.05000000000000000278,	 0.04072654417209341238,	 0.00000000000000000000,	 0.00000000000000000000
6.07530000000000036664,	 34.54999999999999715783,	 0.39999999999999996669,	 0.50265482457436694297, 1128379.16709551215171813965,	 0.46418818289393559695,	 0.06418818289393563026,	 0.67692107122919220608,	 18.69862101788714525696,	 27.62304471322352839024,	 126346.43270003551151603460,	 126727.94899964988871943206,	 0.00000000000000000000,	 0.00000000000000000000,	 -238.03315750961490948612,	 0.00000000000000000000,	 0.00000000000000000000,	 -11.90165787548074582958,	 0.05000000000000000278,	 0.04054380517760350355,	 0.00000000000000000000,	 0.00000000000000000000
6.07640000000000046754,	 34.54999999999999715783,	 0.39999999999999996669,	 0.50265482457436694297, 1128379.16709551215171813965,	 0.46408461060428396472,	 0.06408461060428399803,	 0.67661902802281692626,	 18.60835739033890590122,	 27.50197174429950308649,	 126141.49751506971369963139,	 126519.67673998183454386890,	 0.00000000000000000000,	 0.00000000000000000000,	 -237.04273846520547408545,	 0.00000000000000000000,	 0.00000000000000000000,	 -11.85213692326027334900,	 0.04999999999999999584,	 0.04037060408100633796,	 0.00000000000000000000,	 0.00000000000000000000
6.07750000000000056843,	 34.54999999999999715783,	 0.39999999999999996669,	 0.50265482457436694297, 1128379.16709551215171813965,	 0.46398115886985819012,	 0.06398115886985822343,	 0.67631740366969239631,	 18.52249544698475247628,	 27.38728198695147142416,	 125936.25358780998794827610,	 126311.28519512638740707189,	 0.00000000000000000000,	 0.00000000000000000000,	 -236.10684583537852176960,	 0.00000000000000000000,	 0.00000000000000000000,	 -11.80534229176892679902,	 0.05000000000000000278,	 0.04020673067392819405,	 0.00000000000000000000,	 0.00000000000000000000
6.07860000000000066933,	 34.54999999999999715783,	 0.39999999999999996669,	 0.50265482457436694297, 1128379.16709551215171813965,	 0.46387779962984987403,	 0.06387779962984990734,	 0.67601611614785250826,	 18.44092688433453375296,	 27.27882729988243326602,	 125730.64754163494217209518,	 126102.71475106335128657520,	 0.00000000000000000000,	 0.00000000000000000000,	 -235.22425364308881512443,	 0.00000000000000000000,	 0.00000000000000000000,	 -11.76121268215444182204,	 0.05000000000000000278,	 0.04005197183620790025,	 0.00000000000000000000,	 0.00000000000000000000
6.07969999999999988205,	 34.54999999999999715783,	 0.39999999999999996669,	 0.50265482457436694297, 1128379.16709551215171813965,	 0.46377450505934336711,	 0.06377450505934340041,	 0.67571508419581027827,	 18.36354251683780347548,	 27.17645786861903545173,	 125524.62899830298556480557,	 125893.90892944540246389806,	 0.00000000000000000000,	 0.00000000000000000000,	 -234.39371998373746919242,	 0.00000000000000000000,	 0.00000000000000000000,	 -11.71968599918687381489,	 0.05000000000000000278,	 0.03990611186211621281,	 0.00000000000000000000,	 0.00000000000000000000
6.08079999999999998295,	 34.54999999999999715783,	 0.39999999999999996669,	 0.50265482457436694297, 1128379.16709551215171813965,	 0.46367124769430129172,	 0.06367124769430132503,	 0.67541422767577907749,	 18.29023243158259504071,	 27.08002242493846978277,	 125318.15069904660049360245,	 125684.81450631418556440622,	 0.00000000000000000000,	 0.00000000000000000000,	 -233.61398887336090979261,	 0.00000000000000000000,	 0.00000000000000000000,	 -11.68069944366804513436,	 0.04999999999999999584,	 0.03976893277883485761,	 0.00000000000000000000,	 0.00000000000000000000
6.08190000000000008384,	 34.54999999999999715783,	 0.39999999999999996669,	 0.50265482457436694297, 1128379.16709551215171813965,	 0.46356800054987284954,	 0.06356800054987288284,	 0.67511346791700765912,	 18.22088613894830899653,	 26.98936846152241031405,	 125111.16861370588594581932,	 125475.38161868180031888187,	 0.00000000000000000000,	 0.00000000000000000000,	 -232.88379206078323591100,	 0.00000000000000000000,	 0.00000000000000000000,	 -11.64418960303916250609,	 0.05000000000000000278,	 0.03964021465836508468,	 0.00000000000000000000,	 0.00000000000000000000
6.08300000000000018474,	 34.54999999999999715783,	 0.39999999999999996669,	 0.50265482457436694297, 1128379.16709551215171813965,	 0.46346473723207332052,	 0.06346473723207335382,	 0.67481272803940028915,	 18.15539271945940313913,	 26.90434244209952652227,	 124903.64203699561767280102,	 125265.56385811649670358747,	 0.00000000000000000000,	 0.00000000000000000000,	 -232.20185080555597778584,	 0.00000000000000000000,	 0.00000000000000000000,	 -11.61009254027779924456,	 0.05000000000000000278,	 0.03951973592321305490,	 0.00000000000000000000,	 0.00000000000000000000
6.08410000000000028564,	 34.54999999999999715783,	 0.39999999999999996669,	 0.50265482457436694297, 1128379.16709551215171813965,	 0.46336143204286572850,	 0.06336143204286576180,	 0.67451193325753722174,	 18.09364096714714165159,	 26.82479000744195829498,	 124695.53367220381915103644,	 125055.31835167549434117973,	 0.00000000000000000000,	 0.00000000000000000000,	 -231.56687762446651390746,	 0.00000000000000000000,	 0.00000000000000000000,	 -11.57834388122332747173,	 0.05000000000000000971,	 0.03940727364635659979,	 0.00000000000000000000,	 0.00000000000000000000
6.08520000000000038654,	 34.54999999999999715783,	 0.39999999999999996669,	 0.50265482457436694297, 1128379.16709551215171813965,	 0.46325806007871506154,	 0.06325806007871509484,	 0.67421101116532911046,	 18.03551953008052421978,	 26.75055617811302610676,	 124486.80970361645449884236,	 124844.60583153564948588610,	 0.00000000000000000000,	 0.00000000000000000000,	 -230.97757801401377264483,	 0.00000000000000000000,	 0.00000000000000000000,	 -11.54887890070068934278,	 0.05000000000000000278,	 0.03930260384678210123,	 0.00000000000000000000,	 0.00000000000000000000
6.08630000000000048743,	 34.54999999999999715783,	 0.39999999999999996669,	 0.50265482457436694297, 1128379.16709551215171813965,	 0.46315459732273900340,	 0.06315459732273903670,	 0.67390989200168982531,	 17.98091704878143559654,	 26.68148555495064400134,	 124277.43985861133842263371,	 124633.39069432085670996457,	 0.00000000000000000000,	 0.00000000000000000000,	 -230.43265215703550552462,	 0.00000000000000000000,	 0.00000000000000000000,	 -11.52163260785177456569,	 0.04999999999999999584,	 0.03920550178201049479,	 0.00000000000000000000,	 0.00000000000000000000
6.08740000000000058833,	 34.54999999999999715783,	 0.39999999999999996669,	 0.50265482457436694297, 1128379.16709551215171813965,	 0.46305102073058079792,	 0.06305102073058083123,	 0.67360850889761492155,	 17.92972229293786767812,	 26.61742251783683244071,	 124067.39745919521374162287,	 124421.64104994173976592720,	 0.00000000000000000000,	 0.00000000000000000000,	 -229.93079661797162316361,	 0.00000000000000000000,	 0.00000000000000000000,	 -11.49653983089858222399,	 0.05000000000000000278,	 0.03911574223839860143,	 0.00000000000000000000,	 0.00000000000000000000
6.08850000000000068923,	 34.54999999999999715783,	 0.39999999999999996669,	 0.50265482457436694297, 1128379.16709551215171813965,	 0.46294730831007963046,	 0.06294730831007966376,	 0.67330679810491478321,	 17.88182429643184789825,	 26.55821142273020640800,	 123856.65946194106072653085,	 124209.32875892828451469541,	 0.00000000000000000000,	 0.00000000000000000000,	 -229.47070602636838998478,	 0.00000000000000000000,	 0.00000000000000000000,	 -11.47353530131842092032,	 0.05000000000000000278,	 0.03903309981916458504,	 0.00000000000000000000,	 0.00000000000000000000
6.08959999999999990195,	 34.54999999999999715783,	 0.39999999999999996669,	 0.50265482457436694297, 1128379.16709551215171813965,	 0.46284343919476167439,	 0.06284343919476170770,	 0.67300469920668160029,	 17.83711249030169199159,	 26.50369679636347441942,	 123645.20648542715935036540,	 123996.42945736394904088229,	 0.00000000000000000000,	 0.00000000000000000000,	 -229.05107474331839512161,	 0.00000000000000000000,	 0.00000000000000000000,	 -11.45255373716592117717,	 0.05000000000000000278,	 0.03895734922924717208,	 0.00000000000000000000,	 0.00000000000000000000
6.09070000000000000284,	 34.54999999999999715783,	 0.39999999999999996669,	 0.50265482457436694297, 1128379.16709551215171813965,	 0.46273939371113237407,	 0.06273939371113240737,	 0.67270215530946475546,	 17.79547683305230521000,	 26.45372352771162027807,	 123433.02282457696855999529,	 123782.92256881727371364832,	 0.00000000000000000000,	 0.00000000000000000000,	 -228.67059850301399137606,	 0.00000000000000000000,	 0.00000000000000000000,	 -11.43352992515070098989,	 0.05000000000000000278,	 0.03888826555567592019,	 0.00000000000000000000,	 0.00000000000000000000
6.09180000000000010374,	 34.54999999999999715783,	 0.39999999999999996669,	 0.50265482457436694297, 1128379.16709551215171813965,	 0.46263515343973216076,	 0.06263515343973219407,	 0.67239911321706113956,	 17.75680793781539890119,	 26.40813705547410350505,	 123220.09645145092508755624,	 123568.79130282127880491316,	 0.00000000000000000000,	 0.00000000000000000000,	 -228.32797602281053173101,	 0.00000000000000000000,	 0.00000000000000000000,	 -11.41639880114052729709,	 0.05000000000000000278,	 0.03882562454233475652,	 0.00000000000000000000,	 0.00000000000000000000
6.09290000000000020464,	 34.54999999999999715783,	 0.39999999999999996669,	 0.50265482457436694297, 1128379.16709551215171813965,	 0.46253070126990530886,	 0.06253070126990534217,	 0.67209552358579760512,	 17.72099719608715773234,	 26.36678355115536120934,	 123006.41900239841197617352,	 123354.02263981515716295689,	 0.00000000000000000000,	 0.00000000000000000000,	 -228.02191057816312991235,	 0.00000000000000000000,	 0.00000000000000000000,	 -11.40109552890815614035,	 0.04999999999999999584,	 0.03876920285850397885,	 0.00000000000000000000,	 0.00000000000000000000
6.09400000000000030553,	 34.54999999999999715783,	 0.39999999999999996669,	 0.50265482457436694297, 1128379.16709551215171813965,	 0.46242602144824945798,	 0.06242602144824949129,	 0.67179134106123195025,	 17.68793689796769541545,	 26.32951009762343375087,	 122791.98575202810752671212,	 123138.60730301853618584573,	 0.00000000000000000000,	 0.00000000000000000000,	 -227.75111154137326252567,	 0.00000000000000000000,	 0.00000000000000000000,	 -11.38755557706866383683,	 0.05000000000000000278,	 0.03871877836100188347,	 0.00000000000000000000,	 0.00000000000000000000
6.09510000000000040643,	 34.54999999999999715783,	 0.39999999999999996669,	 0.50265482457436694297, 1128379.16709551215171813965,	 0.46232109962072504006,	 0.06232109962072507336,	 0.67148652439624012533,	 17.65752034929623448534,	 26.29616486372947647965,	 122576.79557312812539748847,	 122922.53971639834344387054,	 0.00000000000000000000,	 0.00000000000000000000,	 -227.51429588917395108183,	 0.00000000000000000000,	 0.00000000000000000000,	 -11.37571479445869826463,	 0.05000000000000000278,	 0.03867413035078180739,	 0.00000000000000000000,	 0.00000000000000000000
6.09620000000000050733,	 34.54999999999999715783,	 0.39999999999999996669,	 0.50265482457436694297, 1128379.16709551215171813965,	 0.46221592286390383864,	 0.06221592286390387194,	 0.67118103653737437586,	 17.62964205548090035336,	 26.26659737949733042228,	 122360.85051297159225214273,	 122705.81758191989501938224,	 0.00000000000000000000,	 0.00000000000000000000,	 -227.31019058580847058693,	 0.00000000000000000000,	 0.00000000000000000000,	 -11.36550952929042423989,	 0.05000000000000000278,	 0.03863503997789518446,	 0.00000000000000000000,	 0.00000000000000000000
6.09730000000000060822,	 34.54999999999999715783,	 0.39999999999999996669,	 0.50265482457436694297, 1128379.16709551215171813965,	 0.46211047953245482089,	 0.06211047953245485420,	 0.67087484417752207833,	 17.60419976851687451358,	 26.24066160969150729443,	 122144.14712533398414961994,	 122488.43328619115345645696,	 0.00000000000000000000,	 0.00000000000000000000,	 -227.13755928011647711173,	 0.00000000000000000000,	 0.00000000000000000000,	 -11.35687796400582350032,	 0.04999999999999999584,	 0.03860129477077416105,	 0.00000000000000000000,	 0.00000000000000000000
6.09840000000000070912,	 34.54999999999999715783,	 0.39999999999999996669,	 0.50265482457436694297, 1128379.16709551215171813965,	 0.46200474492441623298,	 0.06200474492441626628,	 0.67056787614014212728,	 17.58108482312630727051,	 26.21820318075009126346,	 121924.96906688834133092314,	 122268.66615590188303031027,	 0.00000000000000000000,	 0.00000000000000000000,	 -226.99509880609016931885,	 0.00000000000000000000,	 0.00000000000000000000,	 -11.34975494030450882121,	 0.05000000000000000278,	 0.03857267044661451955,	 0.00000000000000000000,	 0.00000000000000000000
6.09949999999999992184,	 34.54999999999999715783,	 0.39999999999999996669,	 0.50265482457436694297, 1128379.16709551215171813965,	 0.46189872058930553367,	 0.06189872058930556697,	 0.67026013750276602909,	 17.56020038668824767569,	 26.19908212371615263692,	 121708.75329197621613275260,	 122051.94924403882760088891,	 0.00000000000000000000,	 0.00000000000000000000,	 -226.88161673442613164298,	 0.00000000000000000000,	 0.00000000000000000000,	 -11.34408083672130729269,	 0.05000000000000000278,	 0.03854896272659851658,	 0.00000000000000000000,	 0.00000000000000000000
6.10060000000000002274,	 34.54999999999999715783,	 0.39999999999999996669,	 0.50265482457436694297, 1128379.16709551215171813965,	 0.46179243148640725103,	 0.06179243148640728434,	 0.66995170126446301762,	 17.54143928173843036689,	 26.18314014074569584523,	 121489.77949755075678694993,	 121832.55791136571497190744,	 0.00000000000000000000,	 0.00000000000000000000,	 -226.79574939301608083042,	 0.00000000000000000000,	 0.00000000000000000000,	 -11.33978746965080475206,	 0.05000000000000000278,	 0.03852993929946809532,	 0.00000000000000000000,	 0.00000000000000000000
6.10170000000000012363,	 34.54999999999999715783,	 0.39999999999999996669,	 0.50265482457436694297, 1128379.16709551215171813965,	 0.46168584538971207953,	 0.06168584538971211284,	 0.66964247447262459367,	 17.52470883144144053745,	 26.17024681005037223258,	 121270.23063197206647600979,	 121612.67154102154017891735,	 0.00000000000000000000,	 0.00000000000000000000,	 -226.73640157159155705813,	 0.00000000000000000000,	 0.00000000000000000000,	 -11.33682007857957785291,	 0.05000000000000000278,	 0.03851541116861938868,	 0.00000000000000000000,	 0.00000000000000000000
6.10280000000000022453,	 34.54999999999999715783,	 0.39999999999999996669,	 0.50265482457436694297, 1128379.16709551215171813965,	 0.46157895811487081872,	 0.06157895811487085203,	 0.66933244558855009565,	 17.50991280372349478966,	 26.16026298908439784441,	 121050.01095428247936069965,	 121392.19063411151000764221,	 0.00000000000000000000,	 0.00000000000000000000,	 -226.70238778583168937075,	 0.00000000000000000000,	 0.00000000000000000000,	 -11.33511938929158624489,	 0.05000000000000000971,	 0.03850517525194098456,	 0.00000000000000000000,	 0.00000000000000000000
6.10390000000000032543,	 34.54999999999999715783,	 0.39999999999999996669,	 0.50265482457436694297, 1128379.16709551215171813965,	 0.46147176728702093973,	 0.06147176728702097304,	 0.66902160833310242438,	 17.49695637720024166128,	 26.15305120083445444834,	 120829.14744608751789201051,	 121171.13848964424687437713,	 0.00000000000000000000,	 0.00000000000000000000,	 -226.69253509992586259614,	 0.00000000000000000000,	 0.00000000000000000000,	 -11.33462675499629490616,	 0.05000000000000000971,	 0.03849903075830391624,	 0.00000000000000000000,	 0.00000000000000000000
6.10500000000000042633,	 34.54999999999999715783,	 0.39999999999999996669,	 0.50265482457436694297, 1128379.16709551215171813965,	 0.46136427209374453184,	 0.06136427209374456515,	 0.66870996096454282664,	 17.48574665079784651311,	 26.14847642702453711649,	 120607.66829298701486550272,	 120949.53970271434809546918,	 0.00000000000000000000,	 0.00000000000000000000,	 -226.70569013381631862103,	 0.00000000000000000000,	 0.00000000000000000000,	 -11.33528450669081522051,	 0.04999999999999999584,	 0.03849678036646839857,	 0.00000000000000000000,	 0.00000000000000000000
6.10610000000000052722,	 34.54999999999999715783,	 0.39999999999999996669,	 0.50265482457436694297, 1128379.16709551215171813965,	 0.46125647322602053579,	 0.06125647322602056910,	 0.66839750610215542537,	 17.47619273018474572723,	 26.14640624872970064985,	 120385.60428432151093147695,	 120727.42156418331433087587,	 0.00000000000000000000,	 0.00000000000000000000,	 -226.74072032734537174292,	 0.00000000000000000000,	 0.00000000000000000000,	 -11.33703601636726965296,	 0.05000000000000000278,	 0.03849823043598360472,	 0.00000000000000000000,	 0.00000000000000000000
6.10720000000000062812,	 34.54999999999999715783,	 0.39999999999999996669,	 0.50265482457436694297, 1128379.16709551215171813965,	 0.46114837285372400899,	 0.06114837285372404230,	 0.66808425065016541211,	 17.46820580225741181835,	 26.14671096535762373492,	 120162.98879632353782653809,	 120504.81404347650823183358,	 0.00000000000000000000,	 0.00000000000000000000,	 -226.79651500061868318880,	 0.00000000000000000000,	 0.00000000000000000000,	 -11.33982575003093451471,	 0.05000000000000000278,	 0.03850319118486015407,	 0.00000000000000000000,	 0.00000000000000000000
6.10830000000000072902,	 34.54999999999999715783,	 0.39999999999999996669,	 0.50265482457436694297, 1128379.16709551215171813965,	 0.46103997461089735177,	 0.06103997461089738508,	 0.66777020575002488112,	 17.46169921090158538846,	 26.14926371458724574381,	 119939.85784758267982397228,	 120281.74984399019740521908,	 0.00000000000000000000,	 0.00000000000000000000,	 -226.87198641858657310877,	 0.00000000000000000000,	 0.00000000000000000000,	 -11.34359932092932865544,	 0.05000000000000000278,	 0.03851147686830471567,	 0.00000000000000000000,	 0.00000000000000000000
6.10939999999999994174,	 34.54999999999999715783,	 0.39999999999999996669,	 0.50265482457436694297, 1128379.16709551215171813965,	 0.46093128357430712683,	 0.06093128357430716013,	 0.66745538671326809510,	 17.45658852723457954426,	 26.15394058499635576709,	 119716.24988554036826826632,	 120058.26418960212322417647,	 0.00000000000000000000,	 0.00000000000000000000,	 -226.96607079636461890004,	 0.00000000000000000000,	 0.00000000000000000000,	 -11.34830353981823058973,	 0.04999999999999999584,	 0.03852290594704077531,	 0.00000000000000000000,	 0.00000000000000000000
6.11050000000000004263,	 34.54999999999999715783,	 0.39999999999999996669,	 0.50265482457436694297, 1128379.16709551215171813965,	 0.46082230623648196000,	 0.06082230623648199330,	 0.66713981293843904741,	 17.45279161730751482651,	 26.16062072571583740910,	 119492.20565622768481262028,	 119834.39469460505642928183,	 0.00000000000000000000,	 0.00000000000000000000,	 -227.07772928240927967636,	 0.00000000000000000000,	 0.00000000000000000000,	 -11.35388646412046398382,	 0.05000000000000000278,	 0.03853730125155978986,	 0.00000000000000000000,	 0.00000000000000000000
6.11160000000000014353,	 34.54999999999999715783,	 0.39999999999999996669,	 0.50265482457436694297, 1128379.16709551215171813965,	 0.46071305047508365194,	 0.06071305047508368524,	 0.66682350781747645740,	 17.45022870548275051306,	 26.16918645024620815320,	 119267.76808025759237352759,	 119610.18123999146337155253,	 0.00000000000000000000,	 0.00000000000000000000,	 -227.20594889387871262443,	 0.00000000000000000000,	 0.00000000000000000000,	 -11.36029744469393598649,	 0.05000000000000000278,	 0.03855449013801449248,	 0.00000000000000000000,	 0.00000000000000000000
6.11270000000000024443,	 34.54999999999999715783,	 0.39999999999999996669,	 0.50265482457436694297, 1128379.16709551215171813965,	 0.46060352551998601234,	 0.06060352551998604564,	 0.66650649863555522234,	 17.44882243411776556741,	 26.17952333523870933618,	 119042.98214849231590051204,	 119385.66586952247598674148,	 0.00000000000000000000,	 0.00000000000000000000,	 -227.34974341053111857036,	 0.00000000000000000000,	 0.00000000000000000000,	 -11.36748717052655699433,	 0.05000000000000000278,	 0.03857430463688403532,	 0.00000000000000000000,	 0.00000000000000000000
6.11380000000000034532,	 34.54999999999999715783,	 0.39999999999999996669,	 0.50265482457436694297, 1128379.16709551215171813965,	 0.46049374191805886314,	 0.06049374191805889645,	 0.66618881646439498390,	 17.44849791871680722011,	 26.19152031299426042210,	 118817.89479840282001532614,	 119160.89266655581013765186,	 0.00000000000000000000,	 0.00000000000000000000,	 -227.50815421639183000480,	 0.00000000000000000000,	 0.00000000000000000000,	 -11.37540771081959078970,	 0.04999999999999999584,	 0.03859658159257908089,	 0.00000000000000000000,	 0.00000000000000000000
6.11490000000000044622,	 34.54999999999999715783,	 0.39999999999999996669,	 0.50265482457436694297, 1128379.16709551215171813965,	 0.46038371149515489034,	 0.06038371149515492364,	 0.66587049604759440680,	 17.44918279796989324382,	 26.20506975687158046640,	 118592.55478075036080554128,	 118935.90762123161402996629,	 0.00000000000000000000,	 0.00000000000000000000,	 -227.68025108244836474114,	 0.00000000000000000000,	 0.00000000000000000000,	 -11.38401255412241930287,	 0.05000000000000000278,	 0.03862116279281864462,	 0.00000000000000000000,	 0.00000000000000000000
6.11600000000000054712,	 34.54999999999999715783,	 0.39999999999999996669,	 0.50265482457436694297, 1128379.16709551215171813965,	 0.46027344731521546706,	 0.06027344731521550036,	 0.66555157567776657146,	 17.45080727897960315431,	 26.22006756006627625766,	 118367.01252097022370435297,	 118710.75849239745002705604,	 0.00000000000000000000,	 0.00000000000000000000,	 -227.86513289444323504540,	 0.00000000000000000000,	 0.00000000000000000000,	 -11.39325664472216281808,	 0.05000000000000000278,	 0.03864789508846434157,	 0.00000000000000000000,	 0.00000000000000000000
6.11710000000000064801,	 34.54999999999999715783,	 0.39999999999999996669,	 0.50265482457436694297, 1128379.16709551215171813965,	 0.46016296363678288461,	 0.06016296363678291792,	 0.66523209706632768778,	 17.45330417675853595938,	 26.23641320634944662515,	 118141.31998462612682487816,	 118485.49467359327536541969,	 0.00000000000000000000,	 0.00000000000000000000,	 -228.06192831336542781173,	 0.00000000000000000000,	 0.00000000000000000000,	 -11.40309641566827281167,	 0.05000000000000000278,	 0.03867663050171998157,	 0.00000000000000000000,	 0.00000000000000000000
6.11819999999999986073,	 34.54999999999999715783,	 0.39999999999999996669,	 0.50265482457436694297, 1128379.16709551215171813965,	 0.46005227586733565825,	 0.06005227586733569156,	 0.66491210520715804400,	 17.45660894817449104721,	 26.25400983297749135659,	 117915.53054321516538038850,	 118260.16705937020014971495,	 0.00000000000000000000,	 0.00000000000000000000,	 -228.26979637025689839902,	 0.00000000000000000000,	 0.00000000000000000000,	 -11.41348981851284527522,	 0.05000000000000000278,	 0.03870722632298940341,	 0.00000000000000000000,	 0.00000000000000000000
6.11929999999999996163,	 34.54999999999999715783,	 0.39999999999999996669,	 0.50265482457436694297, 1128379.16709551215171813965,	 0.45994140051558268789,	 0.05994140051558272120,	 0.66459164823454430771,	 17.46065972141803968043,	 26.27276428736569258149,	 117689.69883981901512015611,	 118034.82791146876115817577,	 0.00000000000000000000,	 0.00000000000000000000,	 -228.48792700908933284154,	 0.00000000000000000000,	 0.00000000000000000000,	 -11.42439635045446699735,	 0.05000000000000000278,	 0.03873954519873272495,	 0.00000000000000000000,	 0.00000000000000000000
6.12040000000000006253,	 34.54999999999999715783,	 0.39999999999999996669,	 0.50265482457436694297, 1128379.16709551215171813965,	 0.45983035514214720685,	 0.05983035514214724016,	 0.66427077727666439255,	 17.46539731908980286335,	 26.29258717460572469804,	 117463.88066151938983239233,	 117809.53073168650735169649,	 0.00000000000000000000,	 0.00000000000000000000,	 -228.71554155208312408831,	 0.00000000000000000000,	 0.00000000000000000000,	 -11.43577707760415584914,	 0.04999999999999999584,	 0.03877345520599533024,	 0.00000000000000000000,	 0.00000000000000000000
6.12150000000000016342,	 34.54999999999999715783,	 0.39999999999999996669,	 0.50265482457436694297, 1128379.16709551215171813965,	 0.45971915830887943866,	 0.05971915830887947196,	 0.66394954630531588524,	 17.47076527610331808660,	 26.31339289758234301075,	 117238.13280864595435559750,	 117584.33013153722276911139,	 0.00000000000000000000,	 0.00000000000000000000,	 -228.95189310255116765802,	 0.00000000000000000000,	 0.00000000000000000000,	 -11.44759465512755802763,	 0.04999999999999999584,	 0.03880882991618243155,	 0.00000000000000000000,	 0.00000000000000000000
6.12260000000000026432,	 34.54999999999999715783,	 0.39999999999999996669,	 0.50265482457436694297, 1128379.16709551215171813965,	 0.45960782952675166557,	 0.05960782952675169888,	 0.66362801198176735173,	 17.47670985266970333782,	 26.33509969008038353877,	 117012.51296275126514956355,	 117359.28170059449621476233,	 0.00000000000000000000,	 0.00000000000000000000,	 -229.19626688863911567751,	 0.00000000000000000000,	 0.00000000000000000000,	 -11.45981334443195720496,	 0.05000000000000000278,	 0.03884554844865298340,	 0.00000000000000000000,	 0.00000000000000000000
6.12370000000000036522,	 34.54999999999999715783,	 0.39999999999999996669,	 0.50265482457436694297, 1128379.16709551215171813965,	 0.45949638920266028252,	 0.05949638920266031583,	 0.66330623349968209634,	 17.48318003992387303924,	 26.35762963914955037126,	 116787.07955980893166270107,	 117134.44187990622594952583,	 0.00000000000000000000,	 0.00000000000000000000,	 -229.44798051524665538636,	 0.00000000000000000000,	 0.00000000000000000000,	 -11.47239902576233205878,	 0.04999999999999999584,	 0.03888349550860775022,	 0.00000000000000000000,	 0.00000000000000000000
6.12480000000000046612,	 34.54999999999999715783,	 0.39999999999999996669,	 0.50265482457436694297, 1128379.16709551215171813965,	 0.45938485858518857130,	 0.05938485858518860461,	 0.66298427242527857572,	 17.49012755976451316542,	 26.38090869906077884366,	 116561.89165715580747928470,	 116909.86782904989377129823,	 0.00000000000000000000,	 0.00000000000000000000,	 -229.70638414429748763723,	 0.00000000000000000000,	 0.00000000000000000000,	 -11.48531920721487509240,	 0.05000000000000000278,	 0.03892256141270155484,	 0.00000000000000000000,	 0.00000000000000000000
6.12590000000000056701,	 34.54999999999999715783,	 0.39999999999999996669,	 0.50265482457436694297, 1128379.16709551215171813965,	 0.45927325970915972020,	 0.05927325970915975351,	 0.66266219253424685220,	 17.49750685947865136427,	 26.40486669770943350954,	 116337.00879836057720240206,	 116685.61729102248500566930,	 0.00000000000000000000,	 0.00000000000000000000,	 -229.97086061078874763552,	 0.00000000000000000000,	 0.00000000000000000000,	 -11.49854303053943738178,	 0.05000000000000000278,	 0.03896264210364010910,	 0.00000000000000000000,	 0.00000000000000000000
6.12700000000000066791,	 34.54999999999999715783,	 0.39999999999999996669,	 0.50265482457436694297, 1128379.16709551215171813965,	 0.45916161533935145878,	 0.05916161533935149208,	 0.66234005964650000120,	 17.50527509834017081403,	 26.42943733115429694180,	 116112.49088633555220440030,	 116461.74846515625540632755,	 0.00000000000000000000,	 0.00000000000000000000,	 -230.24082543677920398295,	 0.00000000000000000000,	 0.00000000000000000000,	 -11.51204127183896197550,	 0.05000000000000000971,	 0.03900363914737506321,	 0.00000000000000000000,	 0.00000000000000000000
6.12809999999999988063,	 34.54999999999999715783,	 0.39999999999999996669,	 0.50265482457436694297, 1128379.16709551215171813965,	 0.45904994891349287789,	 0.05904994891349291120,	 0.66201794145912162826,	 17.51339212845638115823,	 26.45455814967183982844,	 115888.39805043193337041885,	 116238.31987387911067344248,	 0.00000000000000000000,	 0.00000000000000000000,	 -230.51572677253170695622,	 0.00000000000000000000,	 0.00000000000000000000,	 -11.52578633862658641362,	 0.05000000000000000278,	 0.03904545971786543140,	 0.00000000000000000000,	 0.00000000000000000000
6.12919999999999998153,	 34.54999999999999715783,	 0.39999999999999996669,	 0.50265482457436694297, 1128379.16709551215171813965,	 0.45893828448435514122,	 0.05893828448435517453,	 0.66169590737696837301,	 17.52182047100609807444,	 26.48017053704385403989,	 115664.79051316659024450928,	 116015.39022900204872712493,	 0.00000000000000000000,	 0.00000000000000000000,	 -230.79504527974538063972,	 0.00000000000000000000,	 0.00000000000000000000,	 -11.53975226398726938726,	 0.05000000000000000278,	 0.03908801657193806262,	 0.00000000000000000000,	 0.00000000000000000000
6.13030000000000008242,	 34.54999999999999715783,	 0.39999999999999996669,	 0.50265482457436694297, 1128379.16709551215171813965,	 0.45882664666145822618,	 0.05882664666145825949,	 0.66137402834244451988,	 17.53052528447464553096,	 26.50621967785789223626,	 115441.72846908045175950974,	 115793.01830988588335458189,	 0.00000000000000000000,	 0.00000000000000000000,	 -231.07829391099247118291,	 0.00000000000000000000,	 0.00000000000000000000,	 -11.55391469554962569077,	 0.05000000000000000971,	 0.03913122800650838118,	 0.00000000000000000000,	 0.00000000000000000000
6.13140000000000018332,	 34.54999999999999715783,	 0.39999999999999996669,	 0.50265482457436694297, 1128379.16709551215171813965,	 0.45871506055247091016,	 0.05871506055247094347,	 0.66105237666467497881,	 17.53947432864925204399,	 26.53265451845779310247,	 115219.27195496496278792620,	 115571.26283286287798546255,	 0.00000000000000000000,	 0.00000000000000000000,	 -231.36501763427764899461,	 0.00000000000000000000,	 0.00000000000000000000,	 -11.56825088171388316027,	 0.05000000000000000278,	 0.03917501780646431842,	 0.00000000000000000000,	 0.00000000000000000000
6.13250000000000028422,	 34.54999999999999715783,	 0.39999999999999996669,	 0.50265482457436694297, 1128379.16709551215171813965,	 0.45860355170415739723,	 0.05860355170415743054,	 0.66073102584765952550,	 17.54863792423460466807,	 26.55942772132011242547,	 114997.48072718978801276535,	 115350.18232763180276378989,	 0.00000000000000000000,	 0.00000000000000000000,	 -231.65479310071677332417,	 0.00000000000000000000,	 0.00000000000000000000,	 -11.58273965503583902148,	 0.05000000000000000278,	 0.03921931518287848778,	 0.00000000000000000000,	 0.00000000000000000000
6.13360000000000038511,	 34.54999999999999715783,	 0.39999999999999996669,	 0.50265482457436694297, 1128379.16709551215171813965,	 0.45849214604358196068,	 0.05849214604358199399,	 0.66041005041945854970,	 17.55798890527462674527,	 26.58649560848247972444,	 114776.41414773288124706596,	 115129.83502210280857980251,	 0.00000000000000000000,	 0.00000000000000000000,	 -231.94722821668838719233,	 0.00000000000000000000,	 0.00000000000000000000,	 -11.59736141083442007016,	 0.05000000000000000278,	 0.03926405469504732487,	 0.00000000000000000000,	 0.00000000000000000000
6.13470000000000048601,	 34.54999999999999715783,	 0.39999999999999996669,	 0.50265482457436694297, 1128379.16709551215171813965,	 0.45838086981923048535,	 0.05838086981923051866,	 0.66008952576143375968,	 17.56750257001268522572,	 26.61381810254908231173,	 114556.13106102577876299620,	 114910.27871802356094121933,	 0.00000000000000000000,	 0.00000000000000000000,	 -232.24196169482073059953,	 0.00000000000000000000,	 0.00000000000000000000,	 -11.61209808474103688525,	 0.05000000000000000278,	 0.03930917616894664263,	 0.00000000000000000000,	 0.00000000000000000000
6.13580000000000058691,	 34.54999999999999715783,	 0.39999999999999996669,	 0.50265482457436694297, 1128379.16709551215171813965,	 0.45826974954254456884,	 0.05826974954254460215,	 0.65976952793896892491,	 17.57715662475931850395,	 26.64135865696614757780,	 114336.68969110770558472723,	 114691.57068665225233417004,	 0.00000000000000000000,	 0.00000000000000000000,	 -232.53866251097889517041,	 0.00000000000000000000,	 0.00000000000000000000,	 -11.62693312554894475852,	 0.05000000000000000278,	 0.03935462459980466204,	 0.00000000000000000000,	 0.00000000000000000000
6.13690000000000068781,	 34.54999999999999715783,	 0.39999999999999996669,	 0.50265482457436694297, 1128379.16709551215171813965,	 0.45815881192989443838,	 0.05815881192989447168,	 0.65945013353374648535,	 17.58693112613725872961,	 26.66908418365991551013,	 114118.14752586878603324294,	 114473.76755146635696291924,	 0.00000000000000000000,	 0.00000000000000000000,	 -232.83702933768483944732,	 0.00000000000000000000,	 0.00000000000000000000,	 -11.64185146688424232764,	 0.05000000000000000278,	 0.03940035005072928254,	 0.00000000000000000000,	 0.00000000000000000000
6.13799999999999990052,	 34.54999999999999715783,	 0.39999999999999996669,	 0.50265482457436694297, 1128379.16709551215171813965,	 0.45804808384510381503,	 0.05804808384510384833,	 0.65913141947790165887,	 17.59680841871107404017,	 26.69696497346388852634,	 113900.56121612517745234072,	 114256.92518552235560491681,	 0.00000000000000000000,	 0.00000000000000000000,	 -233.13678991388934491624,	 0.00000000000000000000,	 0.00000000000000000000,	 -11.65683949569446831163,	 0.05000000000000000278,	 0.03944630754062069394,	 0.00000000000000000000,	 0.00000000000000000000
6.13910000000000000142,	 34.54999999999999715783,	 0.39999999999999996669,	 0.50265482457436694297, 1128379.16709551215171813965,	 0.45793759224101987515,	 0.05793759224101990846,	 0.65881346288572018022,	 17.60677308723431977455,	 26.72497463866861622250,	 113683.98639493508380837739,	 114041.09852965382742695510,	 0.00000000000000000000,	 0.00000000000000000000,	 -233.43770060792772369496,	 0.00000000000000000000,	 0.00000000000000000000,	 -11.67188503039638725056,	 0.05000000000000000278,	 0.03949245696476729600,	 0.00000000000000000000,	 0.00000000000000000000
6.14020000000000010232,	 34.54999999999999715783,	 0.39999999999999996669,	 0.50265482457436694297, 1128379.16709551215171813965,	 0.45782736409655755416,	 0.05782736409655758747,	 0.65849634087260611182,	 17.61681193157644287339,	 26.75309009041953345331,	 113468.47746800156892277300,	 113826.34138269461982417852,	 0.00000000000000000000,	 0.00000000000000000000,	 -233.73954628694673374412,	 0.00000000000000000000,	 0.00000000000000000000,	 -11.68697731434733810829,	 0.05000000000000000278,	 0.03953876306711072430,	 0.00000000000000000000,	 0.00000000000000000000
6.14130000000000020322,	 34.54999999999999715783,	 0.39999999999999996669,	 0.50265482457436694297, 1128379.16709551215171813965,	 0.45771742635540862976,	 0.05771742635540866306,	 0.65818013037914746555,	 17.62691389729616631143,	 26.78129144850074183637,	 113254.08764321074704639614,	 113612.70642903551924973726,	 0.00000000000000000000,	 0.00000000000000000000,	 -234.04213959470786221573,	 0.00000000000000000000,	 0.00000000000000000000,	 -11.70210697973539382133,	 0.05000000000000000278,	 0.03958519531250467849,	 0.00000000000000000000,	 0.00000000000000000000
6.14240000000000030411,	 34.54999999999999715783,	 0.39999999999999996669,	 0.50265482457436694297, 1128379.16709551215171813965,	 0.45760780587612087666,	 0.05760780587612090997,	 0.65786490802817254586,	 17.63706994328261501437,	 26.80956185388645351964,	 113040.86905882575956638902,	 113400.24536222443566657603,	 0.00000000000000000000,	 0.00000000000000000000,	 -234.34531937284367586471,	 0.00000000000000000000,	 0.00000000000000000000,	 -11.71726596864218450378,	 0.05000000000000000278,	 0.03963172761467455979,	 0.00000000000000000000,	 0.00000000000000000000
6.14350000000000040501,	 34.54999999999999715783,	 0.39999999999999996669,	 0.50265482457436694297, 1128379.16709551215171813965,	 0.45749852938996943275,	 0.05749852938996946605,	 0.65755075000445639688,	 17.64727290999991282661,	 26.83788728076169505243,	 112828.87277396023273468018,	 113189.00887080766551662236,	 0.00000000000000000000,	 0.00000000000000000000,	 -234.64894907135507651219,	 0.00000000000000000000,	 0.00000000000000000000,	 -11.73244745356775453615,	 0.05000000000000000278,	 0.03967833806287197895,	 0.00000000000000000000,	 0.00000000000000000000
6.14460000000000050591,	 34.54999999999999715783,	 0.39999999999999996669,	 0.50265482457436694297, 1128379.16709551215171813965,	 0.45738962345821687627,	 0.05738962345821690958,	 0.65723773193288514971,	 17.65751742629760556724,	 26.86625640674679260655,	 112618.14861912249762099236,	 112979.04648577903572004288,	 0.00000000000000000000,	 0.00000000000000000000,	 -234.95291566623006929149,	 0.00000000000000000000,	 0.00000000000000000000,	 -11.74764578331150310930,	 0.04999999999999999584,	 0.03972500873442853797,	 0.00000000000000000000,	 0.00000000000000000000
6.14570000000000060680,	 34.54999999999999715783,	 0.39999999999999996669,	 0.50265482457436694297, 1128379.16709551215171813965,	 0.45728111442688645916,	 0.05728111442688649246,	 0.65692592874969146788,	 17.66779983100886042280,	 26.89466050553900799969,	 112408.74507740333501715213,	 112770.40645925742865074426,	 0.00000000000000000000,	 0.00000000000000000000,	 -235.25712877293230462783,	 0.00000000000000000000,	 0.00000000000000000000,	 -11.76285643864661523139,	 0.05000000000000000278,	 0.03977172554043855585,	 0.00000000000000000000,	 0.00000000000000000000
6.14680000000000070770,	 34.54999999999999715783,	 0.39999999999999996669,	 0.50265482457436694297, 1128379.16709551215171813965,	 0.45717302837986484310,	 0.05717302837986487640,	 0.65661541456911243220,	 17.67811810421306972785,	 26.92309335414231341588,	 112200.70914783803164027631,	 112563.13562571596412453800,	 0.00000000000000000000,	 0.00000000000000000000,	 -235.56151988714370304479,	 0.00000000000000000000,	 0.00000000000000000000,	 -11.77807599435718621805,	 0.05000000000000000278,	 0.03981847809298223045,	 0.00000000000000000000,	 0.00000000000000000000
6.14789999999999992042,	 34.54999999999999715783,	 0.39999999999999996669,	 0.50265482457436694297, 1128379.16709551215171813965,	 0.45706539109069976856,	 0.05706539109069980187,	 0.65630626254652790763,	 17.68847180238946137365,	 26.95155114588817824028,	 111994.08623380585049744695,	 112357.27928839056403376162,	 0.00000000000000000000,	 0.00000000000000000000,	 -235.86604167577351631735,	 0.00000000000000000000,	 0.00000000000000000000,	 -11.79330208378867617114,	 0.05000000000000000278,	 0.03986525958087695082,	 0.00000000000000000000,	 0.00000000000000000000
6.14900000000000002132,	 34.54999999999999715783,	 0.39999999999999996669,	 0.50265482457436694297, 1128379.16709551215171813965,	 0.45695822797408419680,	 0.05695822797408423011,	 0.65599854474092178513,	 17.69886199208258403814,	 26.98003240094461219201,	 111788.92006721634243149310,	 112152.88114139434765093029,	 0.00000000000000000000,	 0.00000000000000000000,	 -236.17066724510104336332,	 0.00000000000000000000,	 0.00000000000000000000,	 -11.80853336225505145762,	 0.04999999999999999584,	 0.03991206664163587936,	 0.00000000000000000000,	 0.00000000000000000000
6.15010000000000012221,	 34.54999999999999715783,	 0.39999999999999996669,	 0.50265482457436694297, 1128379.16709551215171813965,	 0.45685156403997811969,	 0.05685156403997815300,	 0.65569233198514009775,	 17.70929117274382491587,	 27.00853785971248655073,	 111585.25266552889661397785,	 111949.98322418866155203432,	 0.00000000000000000000,	 0.00000000000000000000,	 -236.47538925662104247749,	 0.00000000000000000000,	 0.00000000000000000000,	 -11.82376946283105390023,	 0.05000000000000000971,	 0.03995889920789766347,	 0.00000000000000000000,	 0.00000000000000000000
6.15120000000000022311,	 34.54999999999999715783,	 0.39999999999999996669,	 0.50265482457436694297, 1128379.16709551215171813965,	 0.45674542385098271247,	 0.05674542385098274577,	 0.65538769376569006031,	 17.71976320001267168891,	 27.03707037616078068254,	 111383.12419029641023371369,	 111748.62577755915117450058,	 0.00000000000000000000,	 0.00000000000000000000,	 -236.78021903932085479028,	 0.00000000000000000000,	 0.00000000000000000000,	 -11.83901095196604380533,	 0.05000000000000000278,	 0.04000576035350685705,	 0.00000000000000000000,	 0.00000000000000000000
6.15230000000000032401,	 34.54999999999999715783,	 0.39999999999999996669,	 0.50265482457436694297, 1128379.16709551215171813965,	 0.45663983137928870759,	 0.05663983137928874090,	 0.65508469781459066628,	 17.73028313770958419582,	 27.06563471389130981493,	 111182.55855942069320008159,	 111548.83285065359086729586,	 0.00000000000000000000,	 0.00000000000000000000,	 -237.08518490066080630640,	 0.00000000000000000000,	 0.00000000000000000000,	 -11.85425924503304173641,	 0.05000000000000000278,	 0.04005265599993546727,	 0.00000000000000000000,	 0.00000000000000000000
6.15340000000000042490,	 34.54999999999999715783,	 0.39999999999999996669,	 0.50265482457436694297, 1128379.16709551215171813965,	 0.45653480786062555774,	 0.05653480786062559105,	 0.65478340395621636993,	 17.74085686945327111630,	 27.09423721227906156628,	 110983.57084186049178242683,	 111350.61968691811489406973,	 0.00000000000000000000,	 0.00000000000000000000,	 -237.39033033862864385810,	 0.00000000000000000000,	 0.00000000000000000000,	 -11.86951651693143361399,	 0.05000000000000000278,	 0.04009959451819959664,	 0.00000000000000000000,	 0.00000000000000000000
6.15450000000000052580,	 34.54999999999999715783,	 0.39999999999999996669,	 0.50265482457436694297, 1128379.16709551215171813965,	 0.45643037854160045663,	 0.05643037854160048994,	 0.65448388346738517463,	 17.75149141939241914656,	 27.12288547939015259658,	 110786.29146020684856921434,	 111154.11691857090045232326,	 0.00000000000000000000,	 0.00000000000000000000,	 -237.69570786286382713115,	 0.00000000000000000000,	 0.00000000000000000000,	 -11.88478539314319171183,	 0.05000000000000000278,	 0.04014658597971636905,	 0.00000000000000000000,	 0.00000000000000000000
6.15560000000000062670,	 34.54999999999999715783,	 0.39999999999999996669,	 0.50265482457436694297, 1128379.16709551215171813965,	 0.45632656663518678108,	 0.05632656663518681439,	 0.65418620173431962783,	 17.76219513907949476561,	 27.15158939762098455617,	 110590.69473093540000263602,	 110959.29913434390618931502,	 0.00000000000000000000,	 0.00000000000000000000,	 -238.00139095848430770275,	 0.00000000000000000000,	 0.00000000000000000000,	 -11.90006954792421467459,	 0.04999999999999999584,	 0.04019364391097002276,	 0.00000000000000000000,	 0.00000000000000000000
6.15670000000000072760,	 34.54999999999999715783,	 0.39999999999999996669,	 0.50265482457436694297, 1128379.16709551215171813965,	 0.45622339381348914200,	 0.05622339381348917531,	 0.65389041967273076050,	 17.77297735056097138795,	 27.18036052501926391756,	 110396.80982241099991369992,	 110766.19582154601812362671,	 0.00000000000000000000,	 0.00000000000000000000,	 -238.30746860938913300743,	 0.00000000000000000000,	 0.00000000000000000000,	 -11.91537343046945807146,	 0.05000000000000000278,	 0.04024078438788162432,	 0.00000000000000000000,	 0.00000000000000000000
6.15779999999999994031,	 34.54999999999999715783,	 0.39999999999999996669,	 0.50265482457436694297, 1128379.16709551215171813965,	 0.45612088104795445176,	 0.05612088104795448507,	 0.65359659614165199759,	 17.78384816632743437026,	 27.20921172372996110767,	 110204.66523708969180006534,	 110574.83583840307255741209,	 0.00000000000000000000,	 0.00000000000000000000,	 -238.61404162173676013481,	 0.00000000000000000000,	 0.00000000000000000000,	 -11.93070208108683871728,	 0.05000000000000000278,	 0.04028802545031448523,	 0.00000000000000000000,	 0.00000000000000000000
6.15890000000000004121,	 34.54999999999999715783,	 0.39999999999999996669,	 0.50265482457436694297, 1128379.16709551215171813965,	 0.45601904860319314450,	 0.05601904860319317780,	 0.65330478792886148565,	 17.79481841190494506577,	 27.23815704507377333243,	 110014.28792731804423965514,	 110385.24652692409290466458,	 0.00000000000000000000,	 0.00000000000000000000,	 -238.92122163322321171108,	 0.00000000000000000000,	 0.00000000000000000000,	 -11.94606108166116165137,	 0.05000000000000000278,	 0.04033538693333253711,	 0.00000000000000000000,	 0.00000000000000000000
6.16000000000000014211,	 34.54999999999999715783,	 0.39999999999999996669,	 0.50265482457436694297, 1128379.16709551215171813965,	 0.45591791608083725995,	 0.05591791608083729326,	 0.65301504987964875681,	 17.80589956794015904507,	 27.26721163811125236975,	 109825.70440466268337331712,	 110197.45481992146233096719,	 0.00000000000000000000,	 0.00000000000000000000,	 -239.22913030052185945351,	 0.00000000000000000000,	 0.00000000000000000000,	 -11.96145651502609297268,	 0.05000000000000000278,	 0.04038289033088650337,	 0.00000000000000000000,	 0.00000000000000000000
6.16110000000000024301,	 34.54999999999999715783,	 0.39999999999999996669,	 0.50265482457436694297, 1128379.16709551215171813965,	 0.45581750240682433750,	 0.05581750240682437081,	 0.65272743486336481933,	 17.81710364858703243840,	 27.29639156705076885601,	 109638.93878101262089330703,	 110011.48527730349451303482,	 0.00000000000000000000,	 0.00000000000000000000,	 -239.53789771493512716916,	 0.00000000000000000000,	 0.00000000000000000000,	 -11.97689488574675742427,	 0.05000000000000000278,	 0.04043055852685882579,	 0.00000000000000000000,	 0.00000000000000000000
6.16220000000000034390,	 34.54999999999999715783,	 0.39999999999999996669,	 0.50265482457436694297, 1128379.16709551215171813965,	 0.45571782576906283424,	 0.05571782576906286755,	 0.65244199359792798276,	 17.82844310450241565036,	 27.32571367178017851529,	 109454.01243486121529713273,	 109827.35974869727215263993,	 0.00000000000000000000,	 0.00000000000000000000,	 -239.84766122032374369155,	 0.00000000000000000000,	 0.00000000000000000000,	 -11.99238306101618789512,	 0.05000000000000000278,	 0.04047841559199391592,	 0.00000000000000000000,	 0.00000000000000000000
6.16330000000000044480,	 34.54999999999999715783,	 0.39999999999999996669,	 0.50265482457436694297, 1128379.16709551215171813965,	 0.45561890356507050992,	 0.05561890356507054323,	 0.65215877450308379348,	 17.83993073329225964585,	 27.35519543823588151099,	 109270.94426905909494962543,	 109645.09762779113953001797,	 0.00000000000000000000,	 0.00000000000000000000,	 -240.15856431057034114929,	 0.00000000000000000000,	 0.00000000000000000000,	 -12.00792821552851741274,	 0.05000000000000000278,	 0.04052648659482398913,	 0.00000000000000000000,	 0.00000000000000000000
6.16440000000000054570,	 34.54999999999999715783,	 0.39999999999999996669,	 0.50265482457436694297, 1128379.16709551215171813965,	 0.45552075236707778583,	 0.05552075236707781913,	 0.65187782360381840707,	 17.85157959290735263380,	 27.38485487083654490448,	 109089.75094188030925579369,	 109464.71608002869470510632,	 0.00000000000000000000,	 0.00000000000000000000,	 -240.47075553448044615834,	 0.00000000000000000000,	 0.00000000000000000000,	 -12.02353777672402301846,	 0.05000000000000000278,	 0.04057479741475046586,	 0.00000000000000000000,	 0.00000000000000000000
6.16550000000000064659,	 34.54999999999999715783,	 0.39999999999999996669,	 0.50265482457436694297, 1128379.16709551215171813965,	 0.45542338789859249104,	 0.05542338789859252435,	 0.65159918446665521241,	 17.86340291717814210415,	 27.41471036646498404821,	 108910.44699276887695305049,	 109286.23016500745143275708,	 0.00000000000000000000,	 0.00000000000000000000,	 -240.78438740672945073129,	 0.00000000000000000000,	 0.00000000000000000000,	 -12.03921937033647360238,	 0.05000000000000000278,	 0.04062337455678131232,	 0.00000000000000000000,	 0.00000000000000000000
6.16659999999999985931,	 34.54999999999999715783,	 0.39999999999999996669,	 0.50265482457436694297, 1128379.16709551215171813965,	 0.45532682501724641710,	 0.05532682501724645041,	 0.65132289815396771093,	 17.87541403356559044369,	 27.44478059074775444515,	 108733.04490136000094935298,	 109109.65289219714759383351,	 0.00000000000000000000,	 0.00000000000000000000,	 -241.09961533417876466956,	 0.00000000000000000000,	 0.00000000000000000000,	 -12.05498076670893858875,	 0.05000000000000000278,	 0.04067224496926687832,	 0.00000000000000000000,	 0.00000000000000000000
6.16769999999999996021,	 34.54999999999999715783,	 0.39999999999999996669,	 0.50265482457436694297, 1128379.16709551215171813965,	 0.45523107770223392166,	 0.05523107770223395496,	 0.65104900319143910181,	 17.88762630741526393763,	 27.47508439415497960567,	 108557.55522479300270788372,	 108934.99535602597461547703,	 0.00000000000000000000,	 0.00000000000000000000,	 -241.41659688819748907918,	 0.00000000000000000000,	 0.00000000000000000000,	 -12.07082984440987516450,	 0.05000000000000000278,	 0.04072143592032616971,	 0.00000000000000000000,	 0.00000000000000000000
6.16880000000000006111,	 34.54999999999999715783,	 0.39999999999999996669,	 0.50265482457436694297, 1128379.16709551215171813965,	 0.45513615904601967266,	 0.05513615904601970596,	 0.65077753554772377331,	 17.90005301546035099136,	 27.50564061864068321484,	 108383.98613165829738136381,	 108762.26626457920065149665,	 0.00000000000000000000,	 0.00000000000000000000,	 -241.73549011173631129168,	 0.00000000000000000000,	 0.00000000000000000000,	 -12.08677450558681520931,	 0.04999999999999999584,	 0.04077097471174925825,	 0.00000000000000000000,	 0.00000000000000000000
6.16990000000000016200,	 34.54999999999999715783,	 0.39999999999999996669,	 0.50265482457436694297, 1128379.16709551215171813965,	 0.45504208119943989619,	 0.05504208119943992950,	 0.65050852848082840740,	 17.91270727484298674881,	 27.53646799477880335871,	 108212.34317889032536186278,	 108591.47171370405703783035,	 0.00000000000000000000,	 0.00000000000000000000,	 -242.05645264451817411100,	 0.00000000000000000000,	 0.00000000000000000000,	 -12.10282263222590870555,	 0.05000000000000000278,	 0.04082088852896108983,	 0.00000000000000000000,	 0.00000000000000000000
6.17100000000000026290,	 34.54999999999999715783,	 0.39999999999999996669,	 0.50265482457436694297, 1128379.16709551215171813965,	 0.45494885539984425415,	 0.05494885539984428746,	 0.65024201262200187479,	 17.92560203326995349471,	 27.56758512263409954812,	 108042.63108734517300035805,	 108422.61696209201181773096,	 0.00000000000000000000,	 0.00000000000000000000,	 -242.37964153931611122061,	 0.00000000000000000000,	 0.00000000000000000000,	 -12.11898207696580520576,	 0.04999999999999999584,	 0.04087120441132313653,	 0.00000000000000000000,	 0.00000000000000000000
6.17210000000000036380,	 34.54999999999999715783,	 0.39999999999999996669,	 0.50265482457436694297, 1128379.16709551215171813965,	 0.45485649200731259612,	 0.05485649200731262942,	 0.64997801608253702454,	 17.93874996554837153440,	 27.59901030755851181198,	 107874.85341756990237627178,	 108255.70610254826897289604,	 0.00000000000000000000,	 0.00000000000000000000,	 -242.70521179778884857114,	 0.00000000000000000000,	 0.00000000000000000000,	 -12.13526058988944278383,	 0.05000000000000000278,	 0.04092194900693681830,	 0.00000000000000000000,	 0.00000000000000000000
6.17320000000000046469,	 34.54999999999999715783,	 0.39999999999999996669,	 0.50265482457436694297, 1128379.16709551215171813965,	 0.45476500049358270505,	 0.05476500049358273836,	 0.64971656442526082298,	 17.95216337312044885266,	 27.63076140593849672200,	 107709.01057608560950029641,	 108090.74006402156373951584,	 0.00000000000000000000,	 0.00000000000000000000,	 -243.03331501719995344502,	 0.00000000000000000000,	 0.00000000000000000000,	 -12.15166575085999944861,	 0.05000000000000000971,	 0.04097314834417336432,	 0.00000000000000000000,	 0.00000000000000000000
6.17430000000000056559,	 34.54999999999999715783,	 0.39999999999999996669,	 0.50265482457436694297, 1128379.16709551215171813965,	 0.45467438937253029652,	 0.05467438937253032982,	 0.64945768046902274673,	 17.96585418204859507796,	 27.66285582930374431498,	 107545.10061910493823233992,	 107927.71741542135714553297,	 0.00000000000000000000,	 0.00000000000000000000,	 -243.36409946009618465723,	 0.00000000000000000000,	 0.00000000000000000000,	 -12.16820497300481029868,	 0.05000000000000000278,	 0.04102482784056802473,	 0.00000000000000000000,	 0.00000000000000000000
6.17540000000000066649,	 34.54999999999999715783,	 0.39999999999999996669,	 0.50265482457436694297, 1128379.16709551215171813965,	 0.45458466624170751347,	 0.05458466624170754677,	 0.64920138441055985634,	 17.97983384839673348665,	 27.69531039235453917513,	 107383.12079496783553622663,	 107766.63590383226983249187,	 0.00000000000000000000,	 0.00000000000000000000,	 -243.69770869155232162484,	 0.00000000000000000000,	 0.00000000000000000000,	 -12.18488543457761608124,	 0.05000000000000000278,	 0.04107701207524148967,	 0.00000000000000000000,	 0.00000000000000000000
6.17649999999999987921,	 34.54999999999999715783,	 0.39999999999999996669,	 0.50265482457436694297, 1128379.16709551215171813965,	 0.45449583779188867938,	 0.05449583779188871269,	 0.64894769385478723311,	 17.99411331935477065258,	 27.72814125044298450007,	 107223.06618724220606964082,	 107607.49109584446705412120,	 0.00000000000000000000,	 0.00000000000000000000,	 -244.03428101922077075869,	 0.00000000000000000000,	 0.00000000000000000000,	 -12.20171405096103889321,	 0.05000000000000000278,	 0.04112972469531996772,	 0.00000000000000000000,	 0.00000000000000000000
6.17759999999999998010,	 34.54999999999999715783,	 0.39999999999999996669,	 0.50265482457436694297, 1128379.16709551215171813965,	 0.45440790979659012594,	 0.05440790979659015925,	 0.64869662378780668099,	 18.00870298444992911868,	 27.76136382411742786758,	 107064.93008500269206706434,	 107450.27674569019291084260,	 0.00000000000000000000,	 0.00000000000000000000,	 -244.37394882975911514222,	 0.00000000000000000000,	 0.00000000000000000000,	 -12.21869744148795788874,	 0.05000000000000000971,	 0.04118298830402913197,	 0.00000000000000000000,	 0.00000000000000000000
6.17870000000000008100,	 34.54999999999999715783,	 0.39999999999999996669,	 0.50265482457436694297, 1128379.16709551215171813965,	 0.45432088712354212756,	 0.05432088712354216087,	 0.64844818661253766923,	 18.02361262334357405734,	 27.79499271560626283417,	 106908.70412197742552962154,	 107294.98493200773373246193,	 0.00000000000000000000,	 0.00000000000000000000,	 -244.71683784195511179860,	 0.00000000000000000000,	 0.00000000000000000000,	 -12.23584189209775630047,	 0.05000000000000000278,	 0.04123682433579040768,	 0.00000000000000000000,	 0.00000000000000000000
6.17980000000000018190,	 34.54999999999999715783,	 0.39999999999999996669,	 0.50265482457436694297, 1128379.16709551215171813965,	 0.45423477374015436281,	 0.05423477374015439612,	 0.64820239216709629737,	 18.03885136548755241392,	 27.82904164419902670602,	 106754.37826258175482507795,	 107141.60604199903900735080,	 0.00000000000000000000,	 0.00000000000000000000,	 -245.06306652884012464710,	 0.00000000000000000000,	 0.00000000000000000000,	 -12.25315332644200694290,	 0.05000000000000000278,	 0.04129125295957429553,	 0.00000000000000000000,	 0.00000000000000000000
6.18090000000000028280,	 34.54999999999999715783,	 0.39999999999999996669,	 0.50265482457436694297, 1128379.16709551215171813965,	 0.45414957272276557099,	 0.05414957272276560429,	 0.64795924775387481187,	 18.05442765039085273315,	 27.86352338202721057314,	 106601.94086225675710011274,	 106990.12882988715136889368,	 0.00000000000000000000,	 0.00000000000000000000,	 -245.41274554087422643534,	 0.00000000000000000000,	 0.00000000000000000000,	 -12.27063727704371132177,	 0.05000000000000000278,	 0.04134629298264128061,	 0.00000000000000000000,	 0.00000000000000000000
6.18200000000000038369,	 34.54999999999999715783,	 0.39999999999999996669,	 0.50265482457436694297, 1128379.16709551215171813965,	 0.45406528626706238461,	 0.05406528626706241791,	 0.64771875817185464719,	 18.07034919101579717449,	 27.89844969446032152405,	 106451.37871962189092300832,	 106840.54046729905530810356,	 0.00000000000000000000,	 0.00000000000000000000,	 -245.76597716876875665548,	 0.00000000000000000000,	 0.00000000000000000000,	 -12.28829885843843960913,	 0.05000000000000000971,	 0.04140196176104696257,	 0.00000000000000000000,	 0.00000000000000000000
6.18310000000000048459,	 34.54999999999999715783,	 0.39999999999999996669,	 0.50265482457436694297, 1128379.16709551215171813965,	 0.45398191570019219565,	 0.05398191570019222896,	 0.64748092575363946910,	 18.08662293972006551712,	 27.93383128416953553597,	 106302.67713751494011376053,	 106692.82660262116405647248,	 0.00000000000000000000,	 0.00000000000000000000,	 -246.12285483738892821748,	 0.00000000000000000000,	 0.00000000000000000000,	 -12.30614274186944712142,	 0.05000000000000000278,	 0.04145827511548742100,	 0.00000000000000000000,	 0.00000000000000000000
6.18420000000000058549,	 34.54999999999999715783,	 0.39999999999999996669,	 0.50265482457436694297, 1128379.16709551215171813965,	 0.45389946149431786848,	 0.05389946149431790179,	 0.64724575040648923974,	 18.10325505825473868526,	 27.96967774123718086798,	 106155.81997604432399384677,	 106546.97141251865832600743,	 0.00000000000000000000,	 0.00000000000000000000,	 -246.48346265189232440207,	 0.00000000000000000000,	 0.00000000000000000000,	 -12.32417313259461622010,	 0.05000000000000000278,	 0.04151524725603143035,	 0.00000000000000000000,	 0.00000000000000000000
6.18530000000000068638,	 34.54999999999999715783,	 0.39999999999999996669,	 0.50265482457436694297, 1128379.16709551215171813965,	 0.45381792328161651984,	 0.05381792328161655314,	 0.64701322965735408310,	 18.12025089042630554559,	 28.00599749718015374356,	 106010.78971292926871683449,	 106402.95766083529451861978,	 0.00000000000000000000,	 0.00000000000000000000,	 -246.84787497739301898037,	 0.00000000000000000000,	 0.00000000000000000000,	 -12.34239374886965201483,	 0.05000000000000000278,	 0.04157289071258189056,	 0.00000000000000000000,	 0.00000000000000000000
6.18639999999999989910,	 34.54999999999999715783,	 0.39999999999999996669,	 0.50265482457436694297, 1128379.16709551215171813965,	 0.45373729987064809199,	 0.05373729987064812530,	 0.64678335870169523236,	 18.13761493785495915176,	 28.04279778357788543985,	 105867.56750384972838219255,	 106260.76675761504156980664,	 0.00000000000000000000,	 0.00000000000000000000,	 -247.21615605833906670341,	 0.00000000000000000000,	 0.00000000000000000000,	 -12.36080780291695369044,	 0.05000000000000000278,	 0.04163121627209995235,	 0.00000000000000000000,	 0.00000000000000000000
6.18750000000000000000,	 34.54999999999999715783,	 0.39999999999999996669,	 0.50265482457436694297, 1128379.16709551215171813965,	 0.45365758926401733575,	 0.05365758926401736906,	 0.64655613045586934895,	 18.15535083883996136933,	 28.08008459534535816715,	 105726.13324352804920636117,	 106120.37881896892213262618,	 0.00000000000000000000,	 0.00000000000000000000,	 -247.58835967806061262309,	 0.00000000000000000000,	 0.00000000000000000000,	 -12.37941798390303205224,	 0.05000000000000000278,	 0.04169023292266049036,	 0.00000000000000000000,	 0.00000000000000000000
6.18860000000000010090,	 34.54999999999999715783,	 0.39999999999999996669,	 0.50265482457436694297, 1128379.16709551215171813965,	 0.45357878867722989380,	 0.05357878867722992711,	 0.64633153561279421684,	 18.17346135032602916226,	 28.11786265866722089868,	 105586.46562743434333242476,	 105981.77272768017428461462,	 0.00000000000000000000,	 0.00000000000000000000,	 -247.96452885874350613449,	 0.00000000000000000000,	 0.00000000000000000000,	 -12.39822644293717601727,	 0.05000000000000000278,	 0.04174994780437239067,	 0.00000000000000000000,	 0.00000000000000000000
6.18970000000000020179,	 34.54999999999999715783,	 0.39999999999999996669,	 0.50265482457436694297, 1128379.16709551215171813965,	 0.45350089455864678323,	 0.05350089455864681653,	 0.64610956270061936646,	 18.19194833295255264716,	 28.15613540358936717212,	 105448.54221380650415085256,	 105844.92619423913129139692,	 0.00000000000000000000,	 0.00000000000000000000,	 -248.34469560190214565409,	 0.00000000000000000000,	 0.00000000000000000000,	 -12.41723478009510728270,	 0.05000000000000000278,	 0.04181036616716703180,	 0.00000000000000000000,	 0.00000000000000000000
6.19080000000000030269,	 34.54999999999999715783,	 0.39999999999999996669,	 0.50265482457436694297, 1128379.16709551215171813965,	 0.45342390261050397049,	 0.05342390261050400380,	 0.64589019814430514987,	 18.21081273863152460990,	 28.19490494042588579759,	 105312.33948836066701915115,	 105709.81582066050032153726,	 0.00000000000000000000,	 0.00000000000000000000,	 -248.72888066199377021803,	 0.00000000000000000000,	 0.00000000000000000000,	 -12.43644403309968993199,	 0.05000000000000000278,	 0.04187149133421047553,	 0.00000000000000000000,	 0.00000000000000000000
6.19190000000000040359,	 34.54999999999999715783,	 0.39999999999999996669,	 0.50265482457436694297, 1128379.16709551215171813965,	 0.45334780781102140823,	 0.05334780781102144154,	 0.64567342633018331988,	 18.23005460032759117439,	 28.23417203948105225209,	 105177.83293059175775852054,	 105576.41716596926562488079,	 0.00000000000000000000,	 0.00000000000000000000,	 -249.11709334878270283298,	 0.00000000000000000000,	 0.00000000000000000000,	 -12.45585466743913549692,	 0.05000000000000000278,	 0.04193332467019814797,	 0.00000000000000000000,	 0.00000000000000000000
6.19300000000000050449,	 34.54999999999999715783,	 0.39999999999999996669,	 0.50265482457436694297, 1128379.16709551215171813965,	 0.45327260443746131280,	 0.05327260443746134611,	 0.64545922967309254936,	 18.24967302500933286069,	 28.27393611561227970697,	 105044.99707781802862882614,	 105444.70480955288803670555,	 0.00000000000000000000,	 0.00000000000000000000,	 -249.50933137202889611217,	 0.00000000000000000000,	 0.00000000000000000000,	 -12.47546656860144587142,	 0.05000000000000000278,	 0.04199586555680773908,	 0.00000000000000000000,	 0.00000000000000000000
6.19410000000000060538,	 34.54999999999999715783,	 0.39999999999999996669,	 0.50265482457436694297, 1128379.16709551215171813965,	 0.45319828608995077479,	 0.05319828608995080810,	 0.64524758868556919555,	 18.26966619016787518603,	 28.31419521828036067745,	 104913.80558796859986614436,	 105314.65241339804197195917,	 0.00000000000000000000,	 0.00000000000000000000,	 -249.90558073435042274468,	 0.00000000000000000000,	 0.00000000000000000000,	 -12.49527903671752149251,	 0.05000000000000000278,	 0.04205911137628244589,	 0.00000000000000000000,	 0.00000000000000000000
6.19520000000000070628,	 34.54999999999999715783,	 0.39999999999999996669,	 0.50265482457436694297, 1128379.16709551215171813965,	 0.45312484571598149463,	 0.05312484571598152794,	 0.64503848204884228767,	 18.29003134357612125882,	 28.35494602660186913567,	 104784.23130255207070149481,	 105186.23278463781753089279,	 0.00000000000000000000,	 0.00000000000000000000,	 -250.30581566807077820158,	 0.00000000000000000000,	 0.00000000000000000000,	 -12.51529078340353962062,	 0.05000000000000000278,	 0.04212305750243180297,	 0.00000000000000000000,	 0.00000000000000000000
6.19629999999999991900,	 34.54999999999999715783,	 0.39999999999999996669,	 0.50265482457436694297, 1128379.16709551215171813965,	 0.45305227563554006931,	 0.05305227563554010262,	 0.64483188668550261990,	 18.31076480591049104873,	 28.39618384883161894550,	 104656.24631001988018397242,	 105059.41793860819598194212,	 0.00000000000000000000,	 0.00000000000000000000,	 -250.70999861106582784487,	 0.00000000000000000000,	 0.00000000000000000000,	 -12.53549993055329281333,	 0.05000000000000000278,	 0.04218769729820575493,	 0.00000000000000000000,	 0.00000000000000000000
6.19740000000000001990,	 34.54999999999999715783,	 0.39999999999999996669,	 0.50265482457436694297, 1128379.16709551215171813965,	 0.45298056756682375523,	 0.05298056756682378854,	 0.64462777783372149365,	 18.33186197597936484271,	 28.43790262589021722306,	 104529.82200933348212856799,	 104934.17916221328778192401,	 0.00000000000000000000,	 0.00000000000000000000,	 -251.11808021826502113072,	 0.00000000000000000000,	 0.00000000000000000000,	 -12.55590401091325247762,	 0.05000000000000000278,	 0.04225302211927423751,	 0.00000000000000000000,	 0.00000000000000000000
6.19850000000000012079,	 34.54999999999999715783,	 0.39999999999999996669,	 0.50265482457436694297, 1128379.16709551215171813965,	 0.45290971265249208022,	 0.05290971265249211353,	 0.64442612912287433602,	 18.35331733839820600451,	 28.48009493869968977720,	 104404.92917352402582764626,	 104810.48707738269877154380,	 0.00000000000000000000,	 0.00000000000000000000,	 -251.52999940676352252922,	 0.00000000000000000000,	 0.00000000000000000000,	 -12.57649997033817612646,	 0.05000000000000000278,	 0.04231902132326462868,	 0.00000000000000000000,	 0.00000000000000000000
6.19960000000000022169,	 34.54999999999999715783,	 0.39999999999999996669,	 0.50265482457436694297, 1128379.16709551215171813965,	 0.45283970148639607345,	 0.05283970148639610676,	 0.64422691265041454045,	 18.37512447360032297183,	 28.52275201916543068137,	 104281.53801299647602718323,	 104688.31170436987304128706,	 0.00000000000000000000,	 0.00000000000000000000,	 -251.94568343316771574791,	 0.00000000000000000000,	 0.00000000000000000000,	 -12.59728417165838720848,	 0.05000000000000000278,	 0.04238568228442064767,	 0.00000000000000000000,	 0.00000000000000000000
6.20070000000000032259,	 34.54999999999999715783,	 0.39999999999999996669,	 0.50265482457436694297, 1128379.16709551215171813965,	 0.45277052414072432862,	 0.05277052414072436193,	 0.64403009905981845051,	 18.39727607008969201274,	 28.56586376466999155355,	 104159.61823835142422467470,	 104567.62252466226345859468,	 0.00000000000000000000,	 0.00000000000000000000,	 -252.36504800203391596369,	 0.00000000000000000000,	 0.00000000000000000000,	 -12.61825240010169757454,	 0.05000000000000000971,	 0.04245299041348709473,	 0.00000000000000000000,	 0.00000000000000000000
6.20180000000000042348,	 34.54999999999999715783,	 0.39999999999999996669,	 0.50265482457436694297, 1128379.16709551215171813965,	 0.45270217019350306176,	 0.05270217019350309506,	 0.64383565761943195582,	 18.41976393890386276553,	 28.60941875603866080269,	 104039.13912276801420375705,	 104448.38854354720388073474,	 0.00000000000000000000,	 0.00000000000000000000,	 -252.78799740509174398539,	 0.00000000000000000000,	 0.00000000000000000000,	 -12.63939987025458755454,	 0.05000000000000000278,	 0.04252092918276446920,	 0.00000000000000000000,	 0.00000000000000000000
6.20290000000000052438,	 34.54999999999999715783,	 0.39999999999999996669,	 0.50265482457436694297, 1128379.16709551215171813965,	 0.45263462875639975946,	 0.05263462875639979277,	 0.64364355630207525927,	 18.44257903029023282215,	 28.65340427899001340961,	 103920.06956398177135270089,	 104330.57835236939718015492,	 0.00000000000000000000,	 0.00000000000000000000,	 -253.21442469140632169911,	 0.00000000000000000000,	 0.00000000000000000000,	 -12.66072123457031750604,	 0.05000000000000000278,	 0.04258948015635651008,	 0.00000000000000000000,	 0.00000000000000000000
6.20400000000000062528,	 34.54999999999999715783,	 0.39999999999999996669,	 0.50265482457436694297, 1128379.16709551215171813965,	 0.45256788850277879233,	 0.05256788850277882563,	 0.64345376186526248574,	 18.46571145254060652974,	 28.69780634899338522814,	 103802.37814563448773697019,	 104214.16019025664718355983,	 0.00000000000000000000,	 0.00000000000000000000,	 -253.64421186782610107002,	 0.00000000000000000000,	 0.00000000000000000000,	 -12.68221059339130540877,	 0.05000000000000000278,	 0.04265862302549722207,	 0.00000000000000000000,	 0.00000000000000000000
6.20510000000000072617,	 34.54999999999999715783,	 0.39999999999999996669,	 0.50265482457436694297, 1128379.16709551215171813965,	 0.45250193769594715398,	 0.05250193769594718729,	 0.64326623993186482497,	 18.48915049285352196762,	 28.74260973933888507759,	 103686.03319764227489940822,	 104099.10200495625031180680,	 0.00000000000000000000,	 0.00000000000000000000,	 -254.07723012803634787815,	 0.00000000000000000000,	 0.00000000000000000000,	 -12.70386150640181810445,	 0.05000000000000000278,	 0.04272833564867214301,	 0.00000000000000000000,	 0.00000000000000000000
6.20619999999999993889,	 34.54999999999999715783,	 0.39999999999999996669,	 0.50265482457436694297, 1128379.16709551215171813965,	 0.45243676421752032635,	 0.05243676421752035965,	 0.64308095507102092103,	 18.51288464007813061585,	 28.78779801220142431362,	 103571.00285536902083549649,	 103985.37151256467041093856,	 0.00000000000000000000,	 0.00000000000000000000,	 -254.51334010832923127055,	 0.00000000000000000000,	 0.00000000000000000000,	 -12.72566700541646156353,	 0.05000000000000000278,	 0.04279859409621215860,	 0.00000000000000000000,	 0.00000000000000000000
6.20730000000000003979,	 34.54999999999999715783,	 0.39999999999999996669,	 0.50265482457436694297, 1128379.16709551215171813965,	 0.45237235559584121347,	 0.05237235559584124678,	 0.64289787087910799102,	 18.53690160922623064721,	 28.83335355253020182431,	 103457.25511751860904041678,	 103872.93625606120622251183,	 0.00000000000000000000,	 0.00000000000000000000,	 -254.95239216863652131906,	 0.00000000000000000000,	 0.00000000000000000000,	 -12.74761960843182606595,	 0.05000000000000000278,	 0.04286937269911245130,	 0.00000000000000000000,	 0.00000000000000000000
6.20840000000000014069,	 34.54999999999999715783,	 0.39999999999999996669,	 0.50265482457436694297, 1128379.16709551215171813965,	 0.45230869903434928192,	 0.05230869903434931523,	 0.64271695006048346066,	 18.56118836720708031862,	 28.87925760392714380487,	 103344.75790055279503576458,	 103761.76366042978770565242,	 0.00000000000000000000,	 0.00000000000000000000,	 -255.39422669148348177259,	 0.00000000000000000000,	 0.00000000000000000000,	 -12.76971133457417373336,	 0.04999999999999999584,	 0.04294064410083738015,	 0.00000000000000000000,	 0.00000000000000000000
6.20950000000000024158,	 34.54999999999999715783,	 0.39999999999999996669,	 0.50265482457436694297, 1128379.16709551215171813965,	 0.45224578143953453324,	 0.05224578143953456655,	 0.64253815450696594169,	 18.58573115733243241721,	 28.92549030274114230110,	 103233.47908108776027802378,	 103651.82107571474625729024,	 0.00000000000000000000,	 0.00000000000000000000,	 -255.83867436568661446472,	 0.00000000000000000000,	 0.00000000000000000000,	 -12.79193371828433178905,	 0.05000000000000000278,	 0.04301237930651715530,	 0.00000000000000000000,	 0.00000000000000000000
6.21060000000000034248,	 34.54999999999999715783,	 0.39999999999999996669,	 0.50265482457436694297, 1128379.16709551215171813965,	 0.45218358944793829446,	 0.05218358944793832777,	 0.64236144537452910530,	 18.61051552128776265249,	 28.97203070840730987356,	 103123.38653031103604007512,	 103543.07581199548440054059,	 0.00000000000000000000,	 0.00000000000000000000,	 -256.28555643762899762805,	 0.00000000000000000000,	 0.00000000000000000000,	 -12.81427782188145236830,	 0.05000000000000000971,	 0.04308454772662771021,	 0.00000000000000000000,	 0.00000000000000000000
6.21170000000000044338,	 34.54999999999999715783,	 0.39999999999999996669,	 0.50265482457436694297, 1128379.16709551215171813965,	 0.45212210945261477324,	 0.05212210945261480655,	 0.64218678315839128334,	 18.63552632479924042741,	 29.01885683966639106757,	 103014.44816751338657923043,	 103435.49519365391461178660,	 0.00000000000000000000,	 0.00000000000000000000,	 -256.73468501506886241259,	 0.00000000000000000000,	 0.00000000000000000000,	 -12.83673425075344454171,	 0.05000000000000000278,	 0.04315711722945918261,	 0.00000000000000000000,	 0.00000000000000000000
6.21280000000000054428,	 34.54999999999999715783,	 0.39999999999999996669,	 0.50265482457436694297, 1128379.16709551215171813965,	 0.45206132763025186350,	 0.05206132763025189680,	 0.64201412776991084730,	 18.66074779267390226778,	 29.06594572535896148224,	 102906.63203634123783558607,	 103329.04663679598888847977,	 0.00000000000000000000,	 0.00000000000000000000,	 -257.18586349976357041669,	 0.00000000000000000000,	 0.00000000000000000000,	 -12.85929317498817958665,	 0.05000000000000000278,	 0.04323005421524968306,	 0.00000000000000000000,	 0.00000000000000000000
6.21390000000000064517,	 34.54999999999999715783,	 0.39999999999999996669,	 0.50265482457436694297, 1128379.16709551215171813965,	 0.45200122996941638487,	 0.05200122996941641818,	 0.64184343861660775321,	 18.68616355081114832615,	 29.11327346601256138570,	 102799.90638189736637286842,	 103223.69772785078384913504,	 0.00000000000000000000,	 0.00000000000000000000,	 -257.63888711526249153394,	 0.00000000000000000000,	 0.00000000000000000000,	 -12.88194435576312457670,	 0.05000000000000000278,	 0.04330332370634434880,	 0.00000000000000000000,	 0.00000000000000000000
6.21499999999999985789,	 34.54999999999999715783,	 0.39999999999999996669,	 0.50265482457436694297, 1128379.16709551215171813965,	 0.45194180229941538496,	 0.05194180229941541826,	 0.64167467468387084928,	 18.71175666978097851256,	 29.16081529787592430125,	 102694.23971414916741196066,	 103119.41628856759052723646,	 0.00000000000000000000,	 0.00000000000000000000,	 -258.09354345634648097985,	 0.00000000000000000000,	 0.00000000000000000000,	 -12.90467717281732440426,	 0.05000000000000000278,	 0.04337688944099390292,	 0.00000000000000000000,	 0.00000000000000000000
6.21609999999999995879,	 34.54999999999999715783,	 0.39999999999999996669,	 0.50265482457436694297, 1128379.16709551215171813965,	 0.45188303031902010698,	 0.05188303031902014029,	 0.64150779461621021404,	 18.73750970674192828369,	 29.20854565446374451199,	 102589.60085726340184919536,	 103016.17042688785295467824,	 0.00000000000000000000,	 0.00000000000000000000,	 -258.54961301682970997717,	 0.00000000000000000000,	 0.00000000000000000000,	 -12.92748065084148656467,	 0.05000000000000000278,	 0.04345071396348397508,	 0.00000000000000000000,	 0.00000000000000000000
6.21720000000000005969,	 34.54999999999999715783,	 0.39999999999999996669,	 0.50265482457436694297, 1128379.16709551215171813965,	 0.45182489962452165866,	 0.05182489962452169197,	 0.64134275679655217139,	 18.76340474499444965772,	 29.25643822457109166635,	 102485.95898932470299769193,	 102913.92857811877911444753,	 0.00000000000000000000,	 0.00000000000000000000,	 -259.00686968676541255263,	 0.00000000000000000000,	 0.00000000000000000000,	 -12.95034348433827275926,	 0.05000000000000000971,	 0.04352475870906808569,	 0.00000000000000000000,	 0.00000000000000000000
6.21830000000000016058,	 34.54999999999999715783,	 0.39999999999999996669,	 0.50265482457436694297, 1128379.16709551215171813965,	 0.45176739573687979545,	 0.05176739573687982876,	 0.64117951942290518641,	 18.78942343188091967932,	 29.30446600788555144845,	 102383.28367845353204756975,	 102812.65954245718603488058,	 0.00000000000000000000,	 0.00000000000000000000,	 -259.46508122913036231694,	 0.00000000000000000000,	 0.00000000000000000000,	 -12.97325406145651882639,	 0.05000000000000000278,	 0.04359898408538986914,	 0.00000000000000000000,	 0.00000000000000000000
6.21940000000000026148,	 34.54999999999999715783,	 0.39999999999999996669,	 0.50265482457436694297, 1128379.16709551215171813965,	 0.45171050412793500861,	 0.05171050412793504192,	 0.64101804058231492967,	 18.81554701589584155386,	 29.35260136953927911918,	 102281.54491689226415473968,	 102712.33252047179848887026,	 0.00000000000000000000,	 0.00000000000000000000,	 -259.92400974785334710759,	 0.00000000000000000000,	 0.00000000000000000000,	 -12.99620048739266664484,	 0.04999999999999999584,	 0.04367334955239002281,	 0.00000000000000000000,	 0.00000000000000000000
6.22050000000000036238,	 34.54999999999999715783,	 0.39999999999999996669,	 0.50265482457436694297, 1128379.16709551215171813965,	 0.45165421024569918362,	 0.05165421024569921693,	 0.64085827832215824795,	 18.84175638349895365309,	 29.40081609436156639958,	 102180.71315344158210791647,	 102612.91714694882102776319,	 0.00000000000000000000,	 0.00000000000000000000,	 -260.38341215389147009773,	 0.00000000000000000000,	 0.00000000000000000000,	 -13.01917060769457457070,	 0.05000000000000000278,	 0.04374781370182662110,	 0.00000000000000000000,	 0.00000000000000000000
6.22160000000000046327,	 34.54999999999999715783,	 0.39999999999999996669,	 0.50265482457436694297, 1128379.16709551215171813965,	 0.45159849953881325835,	 0.05159849953881329165,	 0.64070019071903050456,	 18.86803209637609413107,	 29.44908144197882293724,	 102080.75932665007712785155,	 102514.38352553822915069759,	 0.00000000000000000000,	 0.00000000000000000000,	 -260.84304063944551899112,	 0.00000000000000000000,	 0.00000000000000000000,	 -13.04215203197227701537,	 0.05000000000000000278,	 0.04382233433811012768,	 0.00000000000000000000,	 0.00000000000000000000
6.22270000000000056417,	 34.54999999999999715783,	 0.39999999999999996669,	 0.50265482457436694297, 1128379.16709551215171813965,	 0.45154335748022056407,	 0.05154335748022059738,	 0.64054373594536828662,	 18.89435442909323725758,	 29.49736820266825532144,	 101981.65489698460442014039,	 102416.70226242649368941784,	 0.00000000000000000000,	 0.00000000000000000000,	 -261.30264315944771169598,	 0.00000000000000000000,	 0.00000000000000000000,	 -13.06513215797238558480,	 0.05000000000000000278,	 0.04389686856031038698,	 0.00000000000000000000,	 0.00000000000000000000
6.22380000000000066507,	 34.54999999999999715783,	 0.39999999999999996669,	 0.50265482457436694297, 1128379.16709551215171813965,	 0.45148876959007555598,	 0.05148876959007558929,	 0.64038887233387031817,	 18.92070340719496357451,	 29.54564675404064288955,	 101883.37187810243631247431,	 102319.84449915970617439598,	 0.00000000000000000000,	 0.00000000000000000000,	 -261.76196392097460829973,	 0.00000000000000000000,	 0.00000000000000000000,	 -13.08809819604872970444,	 0.04999999999999999584,	 0.04397137284544642283,	 0.00000000000000000000,	 0.00000000000000000000
6.22489999999999987779,	 34.54999999999999715783,	 0.39999999999999996669,	 0.50265482457436694297, 1128379.16709551215171813965,	 0.45143472145791341266,	 0.05143472145791344596,	 0.64023555843978574575,	 18.94705884565665598984,	 29.59388711840601260405,	 101785.88286578227416612208,	 102223.78194317074667196721,	 0.00000000000000000000,	 0.00000000000000000000,	 -262.22074387926767258250,	 0.00000000000000000000,	 0.00000000000000000000,	 -13.11103719396338540548,	 0.05000000000000000971,	 0.04404580313283974757,	 0.00000000000000000000,	 0.00000000000000000000
6.22599999999999997868,	 34.54999999999999715783,	 0.39999999999999996669,	 0.50265482457436694297, 1128379.16709551215171813965,	 0.45138119876407728492,	 0.05138119876407731823,	 0.64008375310107101797,	 18.97340038766452607888,	 29.64205902078032295321,	 101689.16106743887939956039,	 102128.48689893458504229784,	 0.00000000000000000000,	 0.00000000000000000000,	 -262.67872123998938604927,	 0.00000000000000000000,	 0.00000000000000000000,	 -13.13393606199946894719,	 0.04999999999999999584,	 0.04412011490946864817,	 0.00000000000000000000,	 0.00000000000000000000
6.22710000000000007958,	 34.54999999999999715783,	 0.39999999999999996669,	 0.50265482457436694297, 1128379.16709551215171813965,	 0.45132818730039725441,	 0.05132818730039728772,	 0.63993341549639670696,	 18.99970754365658365259,	 29.69013194742846906138,	 101593.18032457910885568708,	 102033.93229210696881636977,	 0.00000000000000000000,	 0.00000000000000000000,	 -263.13563196678575195619,	 0.00000000000000000000,	 0.00000000000000000000,	 -13.15678159833928972944,	 0.05000000000000000971,	 0.04419426329616732430,	 0.00000000000000000000,	 0.00000000000000000000
6.22820000000000018048,	 34.54999999999999715783,	 0.39999999999999996669,	 0.50265482457436694297, 1128379.16709551215171813965,	 0.45127567299011606128,	 0.05127567299011609459,	 0.63978450520099683363,	 19.02595973012806496172,	 29.73807520416707461663,	 101497.91514572245068848133,	 101940.09170414680556859821,	 0.00000000000000000000,	 0.00000000000000000000,	 -263.59121028727292923577,	 0.00000000000000000000,	 0.00000000000000000000,	 -13.17956051436364717233,	 0.05000000000000000278,	 0.04426820313351430281,	 0.00000000000000000000,	 0.00000000000000000000
6.22930000000000028137,	 34.54999999999999715783,	 0.39999999999999996669,	 0.50265482457436694297, 1128379.16709551215171813965,	 0.45122364190683422747,	 0.05122364190683426077,	 0.63963698223971487966,	 19.05213630823683956805,	 29.78585797451080807718,	 101403.34071153777767904103,	 101846.93937917664879933000,	 0.00000000000000000000,	 0.00000000000000000000,	 -264.04518919831599532699,	 0.00000000000000000000,	 0.00000000000000000000,	 -13.20225945991579941108,	 0.04999999999999999584,	 0.04434188906754502751,	 0.00000000000000000000,	 0.00000000000000000000
6.23040000000000038227,	 34.54999999999999715783,	 0.39999999999999996669,	 0.50265482457436694297, 1128379.16709551215171813965,	 0.45117208029266009373,	 0.05117208029266012703,	 0.63949080713777783913,	 19.07821662251924976772,	 29.83344937812196207005,	 101309.43290815962245687842,	 101754.45025905811053235084,	 0.00000000000000000000,	 0.00000000000000000000,	 -264.49730097456398425493,	 0.00000000000000000000,	 0.00000000000000000000,	 -13.22486504872819956802,	 0.05000000000000000278,	 0.04441527563596376488,	 0.00000000000000000000,	 0.00000000000000000000
6.23150000000000048317,	 34.54999999999999715783,	 0.39999999999999996669,	 0.50265482457436694297, 1128379.16709551215171813965,	 0.45112097457164851422,	 0.05112097457164854752,	 0.63934594095820240778,	 19.10418004267069846946,	 29.88081853470255211391,	 101216.16798525972990319133,	 101662.59964341163868084550,	 0.00000000000000000000,	 0.00000000000000000000,	 -264.94727772811000932052,	 0.00000000000000000000,	 0.00000000000000000000,	 -13.24736388640550011075,	 0.04999999999999999584,	 0.04448831736269954346,	 0.00000000000000000000,	 0.00000000000000000000
6.23260000000000058407,	 34.54999999999999715783,	 0.39999999999999996669,	 0.50265482457436694297, 1128379.16709551215171813965,	 0.45107031136636782653,	 0.05107031136636785984,	 0.63920234534805675519,	 19.13000599725118888728,	 29.92793461487468320570,	 101123.52421317869448103011,	 101571.36484833480790257454,	 0.00000000000000000000,	 0.00000000000000000000,	 -265.39485185108219411632,	 0.00000000000000000000,	 0.00000000000000000000,	 -13.26974259255411148217,	 0.05000000000000000971,	 0.04456096883294714123,	 0.00000000000000000000,	 0.00000000000000000000
6.23370000000000068496,	 34.54999999999999715783,	 0.39999999999999996669,	 0.50265482457436694297, 1128379.16709551215171813965,	 0.45102007729338128295,	 0.05102007729338131625,	 0.63905998195819258001,	 19.15567416388968524643,	 29.97476716535014062970,	 101031.46471625853155273944,	 101480.70804956700885668397,	 0.00000000000000000000,	 0.00000000000000000000,	 -265.83975902121136414280,	 0.00000000000000000000,	 0.00000000000000000000,	 -13.29198795106056785187,	 0.04999999999999999584,	 0.04463318518757540543,	 0.00000000000000000000,	 0.00000000000000000000
6.23479999999999989768,	 34.54999999999999715783,	 0.39999999999999996669,	 0.50265482457436694297, 1128379.16709551215171813965,	 0.45097025954403346937,	 0.05097025954403350267,	 0.63891881408856276980,	 19.18116426398248108853,	 30.02128571115095212463,	 100940.01324044396460521966,	 101390.65203831924009136856,	 0.00000000000000000000,	 0.00000000000000000000,	 -266.28173433436467121282,	 0.00000000000000000000,	 0.00000000000000000000,	 -13.31408671671823462646,	 0.05000000000000000278,	 0.04470492150231548945,	 0.00000000000000000000,	 0.00000000000000000000
6.23589999999999999858,	 34.54999999999999715783,	 0.39999999999999996669,	 0.50265482457436694297, 1128379.16709551215171813965,	 0.45092084625416867238,	 0.05092084625416870569,	 0.63877880773446682472,	 19.20645613321900313508,	 30.06745981654875166100,	 100849.10882152878912165761,	 101301.13489143867627717555,	 0.00000000000000000000,	 0.00000000000000000000,	 -266.72051262496518120315,	 0.00000000000000000000,	 0.00000000000000000000,	 -13.33602563124826012597,	 0.05000000000000000278,	 0.04477613286004171467,	 0.00000000000000000000,	 0.00000000000000000000
6.23700000000000009948,	 34.54999999999999715783,	 0.39999999999999996669,	 0.50265482457436694297, 1128379.16709551215171813965,	 0.45087182472466280636,	 0.05087182472466283967,	 0.63863992654369217128,	 19.23153002069471639857,	 30.11325979065451008410,	 100758.74350494104146491736,	 101212.14771255076630041003,	 0.00000000000000000000,	 0.00000000000000000000,	 -267.15583577699931083771,	 0.00000000000000000000,	 0.00000000000000000000,	 -13.35779178884996554189,	 0.05000000000000000278,	 0.04484677548983376227,	 0.00000000000000000000,	 0.00000000000000000000
6.23810000000000020037,	 34.54999999999999715783,	 0.39999999999999996669,	 0.50265482457436694297, 1128379.16709551215171813965,	 0.45082318272790034008,	 0.05082318272790037339,	 0.63850213551822609936,	 19.25636618772965746871,	 30.15865588624955151431,	 100668.89743862774048466235,	 101123.66970106035296339542,	 0.00000000000000000000,	 0.00000000000000000000,	 -267.58744484932276463951,	 0.00000000000000000000,	 0.00000000000000000000,	 -13.37937224246613965306,	 0.05000000000000000278,	 0.04491680550944020245,	 0.00000000000000000000,	 0.00000000000000000000
6.23920000000000030127,	 34.54999999999999715783,	 0.39999999999999996669,	 0.50265482457436694297, 1128379.16709551215171813965,	 0.45077490840428091623,	 0.05077490840428094954,	 0.63836540072010916624,	 19.28094517016738507209,	 30.20361872435047700947,	 100579.55227824459143448621,	 101035.68157026755216065794,	 0.00000000000000000000,	 0.00000000000000000000,	 -268.01508390313625795898,	 0.00000000000000000000,	 0.00000000000000000000,	 -13.40075419515681431903,	 0.05000000000000000278,	 0.04498617956268662066,	 0.00000000000000000000,	 0.00000000000000000000
6.24030000000000040217,	 34.54999999999999715783,	 0.39999999999999996669,	 0.50265482457436694297, 1128379.16709551215171813965,	 0.45072699019166162504,	 0.05072699019166165835,	 0.63822968907077415324,	 19.30524781909211995412,	 30.24811936780856314044,	 100490.69106910444679670036,	 100948.16543174904654733837,	 0.00000000000000000000,	 0.00000000000000000000,	 -268.43850069813856862311,	 0.00000000000000000000,	 0.00000000000000000000,	 -13.42192503490692878643,	 0.05000000000000000278,	 0.04505485493271746411,	 0.00000000000000000000,	 0.00000000000000000000
6.24140000000000050306,	 34.54999999999999715783,	 0.39999999999999996669,	 0.50265482457436694297, 1128379.16709551215171813965,	 0.45067941683210993586,	 0.05067941683210996917,	 0.63809496836945478471,	 19.32925532275622160228,	 30.29212935521010052753,	 100402.29754045209847390652,	 100861.10409088848973624408,	 0.00000000000000000000,	 0.00000000000000000000,	 -268.85744699092595055845,	 0.00000000000000000000,	 0.00000000000000000000,	 -13.44287234954629894901,	 0.05000000000000000278,	 0.04512278959229103908,	 0.00000000000000000000,	 0.00000000000000000000
6.24250000000000060396,	 34.54999999999999715783,	 0.39999999999999996669,	 0.50265482457436694297, 1128379.16709551215171813965,	 0.45063217738138799939,	 0.05063217738138803270,	 0.63796120731933358972,	 19.35294922894435742933,	 30.33562073509773071578,	 100314.35610252019250765443,	 100774.48104521204368211329,	 0.00000000000000000000,	 0.00000000000000000000,	 -269.27167883462948339002,	 0.00000000000000000000,	 0.00000000000000000000,	 -13.46358394173147665640,	 0.05000000000000000971,	 0.04518994225441754636,	 0.00000000000000000000,	 0.00000000000000000000
6.24360000000000070486,	 34.54999999999999715783,	 0.39999999999999996669,	 0.50265482457436694297, 1128379.16709551215171813965,	 0.45058526121624287164,	 0.05058526121624290495,	 0.63782837554747806585,	 19.37631147864619407528,	 30.37856611822043007010,	 100226.85192975857353303581,	 100688.28056945811840705574,	 0.00000000000000000000,	 0.00000000000000000000,	 -269.68095703992662492965,	 0.00000000000000000000,	 0.00000000000000000000,	 -13.48404785199633337811,	 0.05000000000000000971,	 0.04525627244996647397,	 0.00000000000000000000,	 0.00000000000000000000
6.24469999999999991758,	 34.54999999999999715783,	 0.39999999999999996669,	 0.50265482457436694297, 1128379.16709551215171813965,	 0.45053865804032194875,	 0.05053865804032198206,	 0.63769644362089183964,	 19.39932443211518631188,	 30.42093871805879601311,	 100139.77097663494350854307,	 100602.48773287888616323471,	 0.00000000000000000000,	 0.00000000000000000000,	 -270.08504753291299493867,	 0.00000000000000000000,	 0.00000000000000000000,	 -13.50425237664565081275,	 0.05000000000000000278,	 0.04532174058788658588,	 0.00000000000000000000,	 0.00000000000000000000
6.24580000000000001847,	 34.54999999999999715783,	 0.39999999999999996669,	 0.50265482457436694297, 1128379.16709551215171813965,	 0.45049235788986430329,	 0.05049235788986433660,	 0.63756538306193544230,	 19.42197089317840053013,	 30.46271238865501373994,	 100053.09997587998805101961,	 100517.08839891695242840797,	 0.00000000000000000000,	 0.00000000000000000000,	 -270.48372168925880032475,	 0.00000000000000000000,	 0.00000000000000000000,	 -13.52418608446294179259,	 0.05000000000000000971,	 0.04538630801142814336,	 0.00000000000000000000,	 0.00000000000000000000
6.24690000000000011937,	 34.54999999999999715783,	 0.39999999999999996669,	 0.50265482457436694297, 1128379.16709551215171813965,	 0.45044635113814934790,	 0.05044635113814938121,	 0.63743516636023778155,	 19.44423413362901698065,	 30.50386166275673360815,	 99966.82642062973172869533,	 100432.06920880003599449992,	 0.00000000000000000000,	 0.00000000000000000000,	 -270.87675667197373741146,	 0.00000000000000000000,	 0.00000000000000000000,	 -13.54383783359868864693,	 0.05000000000000000971,	 0.04544993705490170399,	 0.00000000000000000000,	 0.00000000000000000000
6.24800000000000022027,	 34.54999999999999715783,	 0.39999999999999996669,	 0.50265482457436694297, 1128379.16709551215171813965,	 0.45040062849912587684,	 0.05040062849912591014,	 0.63730576698229446375,	 19.46609791553684942755,	 30.54436178682446012544,	 99880.93855427970993332565,	 100347.41757276191492564976,	 0.00000000000000000000,	 0.00000000000000000000,	 -271.26393574189910395944,	 0.00000000000000000000,	 0.00000000000000000000,	 -13.56319678709495590851,	 0.05000000000000000278,	 0.04551259109581235612,	 0.00000000000000000000,	 0.00000000000000000000
6.24910000000000032117,	 34.54999999999999715783,	 0.39999999999999996669,	 0.50265482457436694297, 1128379.16709551215171813965,	 0.45035518103012178726,	 0.05035518103012182056,	 0.63717715937847596575,	 19.48754651216351163612,	 30.58418875399162217832,	 99795.42535857739858329296,	 100263.12165944729349575937,	 0.00000000000000000000,	 0.00000000000000000000,	 -271.64504855065513311274,	 0.00000000000000000000,	 0.00000000000000000000,	 -13.58225242753275630037,	 0.04999999999999999584,	 0.04557423460399652460,	 0.00000000000000000000,	 0.00000000000000000000
6.25020000000000042206,	 34.54999999999999715783,	 0.39999999999999996669,	 0.50265482457436694297, 1128379.16709551215171813965,	 0.45031000013366401236,	 0.05031000013366404566,	 0.63704931898752514829,	 19.50856472747020120551,	 30.62331933495438462955,	 99710.27653867095068562776,	 100179.17038221625261940062,	 0.00000000000000000000,	 0.00000000000000000000,	 -272.01989141582077991188,	 0.00000000000000000000,	 0.00000000000000000000,	 -13.60099457079103935087,	 0.05000000000000000278,	 0.04563483318772595942,	 0.00000000000000000000,	 0.00000000000000000000
6.25130000000000052296,	 34.54999999999999715783,	 0.39999999999999996669,	 0.50265482457436694297, 1128379.16709551215171813965,	 0.45026507755841777003,	 0.05026507755841780334,	 0.63692222223857541952,	 19.52913791409156374357,	 30.66173110659095257802,	 99625.48250746449048165232,	 100095.55338469093840103596,	 0.00000000000000000000,	 0.00000000000000000000,	 -272.38826757656221388970,	 0.00000000000000000000,	 0.00000000000000000000,	 -13.61941337882810998394,	 0.04999999999999999584,	 0.04569435363647979947,	 0.00000000000000000000,	 0.00000000000000000000
6.25240000000000062386,	 34.54999999999999715783,	 0.39999999999999996669,	 0.50265482457436694297, 1128379.16709551215171813965,	 0.45022040539926538871,	 0.05022040539926542202,	 0.63679584655074683575,	 19.54925198984076573083,	 30.69940247840933267298,	 99541.03436856248299591243,	 100012.26102482817077543586,	 0.00000000000000000000,	 0.00000000000000000000,	 -272.74998743057352612595,	 0.00000000000000000000,	 0.00000000000000000000,	 -13.63749937152867630630,	 0.05000000000000000278,	 0.04575276396053101768,	 0.00000000000000000000,	 0.00000000000000000000
6.25350000000000072475,	 34.54999999999999715783,	 0.39999999999999996669,	 0.50265482457436694297, 1128379.16709551215171813965,	 0.45017597609655196633,	 0.05017597609655199964,	 0.63667017033039718932,	 19.56889345268281488188,	 30.73631271672053344446,	 99456.92389800494129303843,	 99929.28435771496151573956,	 0.00000000000000000000,	 0.00000000000000000000,	 -273.10486875139980611493,	 0.00000000000000000000,	 0.00000000000000000000,	 -13.65524343756999137156,	 0.05000000000000000278,	 0.04581003342719241339,	 0.00000000000000000000,	 0.00000000000000000000
6.25459999999999993747,	 34.54999999999999715783,	 0.39999999999999996669,	 0.50265482457436694297, 1128379.16709551215171813965,	 0.45013178243451618110,	 0.05013178243451621441,	 0.63654517296608115196,	 19.58804939421053603610,	 30.77244196658812924738,	 99373.14352480570960324258,	 99846.61511709922342561185,	 0.00000000000000000000,	 0.00000000000000000000,	 -273.45273688657886168585,	 0.00000000000000000000,	 0.00000000000000000000,	 -13.67263684432894343956,	 0.05000000000000000278,	 0.04586613259379666158,	 0.00000000000000000000,	 0.00000000000000000000
6.25570000000000003837,	 34.54999999999999715783,	 0.39999999999999996669,	 0.50265482457436694297, 1128379.16709551215171813965,	 0.45008781753893123412,	 0.05008781753893126742,	 0.63642083482129130356,	 19.60670751160500557830,	 30.80777127152133942900,	 99289.68631042168999556452,	 99764.24569578087539412081,	 0.00000000000000000000,	 0.00000000000000000000,	 -273.79342493629309274183,	 0.00000000000000000000,	 0.00000000000000000000,	 -13.68967124681465641345,	 0.05000000000000000971,	 0.04592103333736014675,	 0.00000000000000000000,	 0.00000000000000000000
6.25680000000000013927,	 34.54999999999999715783,	 0.39999999999999996669,	 0.50265482457436694297, 1128379.16709551215171813965,	 0.45004407487398273569,	 0.05004407487398276899,	 0.63629713722505465423,	 19.62485611808687835378,	 30.84228259091739232645,	 99206.54592722452071029693,	 99682.16912493352720048279,	 0.00000000000000000000,	 0.00000000000000000000,	 -274.12677391256465853075,	 0.00000000000000000000,	 0.00000000000000000000,	 -13.70633869562823292654,	 0.05000000000000000278,	 0.04597470888093757591,	 0.00000000000000000000,	 0.00000000000000000000
6.25790000000000024016,	 34.54999999999999715783,	 0.39999999999999996669,	 0.50265482457436694297, 1128379.16709551215171813965,	 0.45000054823840912599,	 0.05000054823840915930,	 0.63617406246046015461,	 19.64248415188248841901,	 30.87595881528621433176,	 99123.71663601965701673180,	 99600.37905240128748118877,	 0.00000000000000000000,	 0.00000000000000000000,	 -274.45263287926667317151,	 0.00000000000000000000,	 0.00000000000000000000,	 -13.72263164396333579020,	 0.05000000000000000971,	 0.04602713381671486720,	 0.00000000000000000000,	 0.00000000000000000000
6.25900000000000034106,	 34.54999999999999715783,	 0.39999999999999996669,	 0.50265482457436694297, 1128379.16709551215171813965,	 0.44995723176093310736,	 0.04995723176093314066,	 0.63605159375119668663,	 19.65958118371055718399,	 30.90878377926172504431,	 99041.19326275122875813395,	 99518.86972010780300479382,	 0.00000000000000000000,	 0.00000000000000000000,	 -274.77085907296969935487,	 0.00000000000000000000,	 0.00000000000000000000,	 -13.73854295364848354666,	 0.04999999999999999584,	 0.04607828412584505373,	 0.00000000000000000000,	 0.00000000000000000000
6.26010000000000044196,	 34.54999999999999715783,	 0.39999999999999996669,	 0.50265482457436694297, 1128379.16709551215171813965,	 0.44991411989501450819,	 0.04991411989501454149,	 0.63592971524619112955,	 19.67613742279003119506,	 30.94074227239514129906,	 98958.97117447129858192056,	 99437.63594065468350891024,	 0.00000000000000000000,	 0.00000000000000000000,	 -275.08131800455635129765,	 0.00000000000000000000,	 0.00000000000000000000,	 -13.75406590022781649907,	 0.04999999999999999584,	 0.04612813719501837606,	 0.00000000000000000000,	 0.00000000000000000000
6.26120000000000054285,	 34.54999999999999715783,	 0.39999999999999996669,	 0.50265482457436694297, 1128379.16709551215171813965,	 0.44987120741295549831,	 0.04987120741295553161,	 0.63580841200243087830,	 19.69214372138532453960,	 30.97182004775054053880,	 98877.04625459063390735537,	 99356.67307312575576361269,	 0.00000000000000000000,	 0.00000000000000000000,	 -275.38388354176413486130,	 0.00000000000000000000,	 0.00000000000000000000,	 -13.76919417708820780888,	 0.05000000000000000278,	 0.04617667182979467294,	 0.00000000000000000000,	 0.00000000000000000000
6.26230000000000064375,	 34.54999999999999715783,	 0.39999999999999996669,	 0.50265482457436694297, 1128379.16709551215171813965,	 0.44982848939938563371,	 0.04982848939938566701,	 0.63568766996605230446,	 19.70759157791174587260,	 31.00200382833316936626,	 98795.41487745172344148159,	 99275.97699813771760091186,	 0.00000000000000000000,	 0.00000000000000000000,	 -275.67843797290186103055,	 0.00000000000000000000,	 0.00000000000000000000,	 -13.78392189864509553843,	 0.05000000000000000971,	 0.04622386826474179228,	 0.00000000000000000000,	 0.00000000000000000000
6.26339999999999985647,	 34.54999999999999715783,	 0.39999999999999996669,	 0.50265482457436694297, 1128379.16709551215171813965,	 0.44978596124415520796,	 0.04978596124415524127,	 0.63556747595177520704,	 19.72247313862154172170,	 31.03128131137726697375,	 98714.07388230685319285840,	 99195.54409221977402921766,	 0.00000000000000000000,	 0.00000000000000000000,	 -275.96487205195546721370,	 0.00000000000000000000,	 0.00000000000000000000,	 -13.79824360259777371596,	 0.05000000000000000278,	 0.04626970817041767964,	 0.00000000000000000000,	 0.00000000000000000000
6.26449999999999995737,	 34.54999999999999715783,	 0.39999999999999996669,	 0.50265482457436694297, 1128379.16709551215171813965,	 0.44974361863466877365,	 0.04974361863466880695,	 0.63544781762077295895,	 19.73678119788007734314,	 31.05964117050242734308,	 98633.02054684255563188344,	 99115.37120166273962240666,	 0.00000000000000000000,	 0.00000000000000000000,	 -276.24308502513724761229,	 0.00000000000000000000,	 0.00000000000000000000,	 -13.81215425125686380170,	 0.05000000000000000278,	 0.04631417465720769067,	 0.00000000000000000000,	 0.00000000000000000000
6.26560000000000005826,	 34.54999999999999715783,	 0.39999999999999996669,	 0.50265482457436694297, 1128379.16709551215171813965,	 0.44970145754769375035,	 0.04970145754769378366,	 0.63532868345707849134,	 19.75050919703866370014,	 31.08707305574212753640,	 98552.25256038286897819489,	 99035.45561596938932780176,	 0.00000000000000000000,	 0.00000000000000000000,	 -276.51298463888247169962,	 0.00000000000000000000,	 0.00000000000000000000,	 -13.82564923194412465079,	 0.05000000000000000278,	 0.04635725227602000009,	 0.00000000000000000000,	 0.00000000000000000000
6.26670000000000015916,	 34.54999999999999715783,	 0.39999999999999996669,	 0.50265482457436694297, 1128379.16709551215171813965,	 0.44965947424067909122,	 0.04965947424067912452,	 0.63521006274262636904,	 19.76365122193548629070,	 31.11356759148712924912,	 98471.76799680654949042946,	 98955.79504094156436622143,	 0.00000000000000000000,	 0.00000000000000000000,	 -276.77448712964218202615,	 0.00000000000000000000,	 0.00000000000000000000,	 -13.83872435648211052239,	 0.05000000000000000278,	 0.04639892701590013491,	 0.00000000000000000000,	 0.00000000000000000000
6.26780000000000026006,	 34.54999999999999715783,	 0.39999999999999996669,	 0.50265482457436694297, 1128379.16709551215171813965,	 0.44961766524261781441,	 0.04961766524261784772,	 0.63509194553102499281,	 19.77620199908060882876,	 31.13911637242534879988,	 98391.56528718933986965567,	 98876.38757141705718822777,	 0.00000000000000000000,	 0.00000000000000000000,	 -277.02751719617066328283,	 0.00000000000000000000,	 0.00000000000000000000,	 -13.85137585980853280887,	 0.04999999999999999584,	 0.04643918629868428599,	 0.00000000000000000000,	 0.00000000000000000000
6.26890000000000036096,	 34.54999999999999715783,	 0.39999999999999996669,	 0.50265482457436694297, 1128379.16709551215171813965,	 0.44957602734448459669,	 0.04957602734448463000,	 0.63497432262014763538,	 19.78815689057931948014,	 31.16371195755726475340,	 98311.64319223903294187039,	 98797.23166372583364136517,	 0.00000000000000000000,	 0.00000000000000000000,	 -277.27200795498180241339,	 0.00000000000000000000,	 0.00000000000000000000,	 -13.86360039774909225230,	 0.05000000000000000971,	 0.04647801897080646588,	 0.00000000000000000000,	 0.00000000000000000000
6.27000000000000046185,	 34.54999999999999715783,	 0.39999999999999996669,	 0.50265482457436694297, 1128379.16709551215171813965,	 0.44953455758928045904,	 0.04953455758928049235,	 0.63485718552363556988,	 19.79951188784174220814,	 31.18734786235574674151,	 98232.00077460368629544973,	 98718.32610794747597537935,	 0.00000000000000000000,	 0.00000000000000000000,	 -277.50790087956016805038,	 0.00000000000000000000,	 0.00000000000000000000,	 -13.87539504397800982360,	 0.05000000000000000278,	 0.04651541529236030009,	 0.00000000000000000000,	 0.00000000000000000000
6.27110000000000056275,	 34.54999999999999715783,	 0.39999999999999996669,	 0.50265482457436694297, 1128379.16709551215171813965,	 0.44949325326171774009,	 0.04949325326171777339,	 0.63474052644140421808,	 19.81026360412699816038,	 31.21001854913981787831,	 98152.63737111682712566108,	 98639.67000003565044607967,	 0.00000000000000000000,	 0.00000000000000000000,	 -277.73514572391383126160,	 0.00000000000000000000,	 0.00000000000000000000,	 -13.88675728619569049727,	 0.04999999999999999584,	 0.04655136692351634353,	 0.00000000000000000000,	 0.00000000000000000000
6.27220000000000066365,	 34.54999999999999715783,	 0.39999999999999996669,	 0.50265482457436694297, 1128379.16709551215171813965,	 0.44945211187757805327,	 0.04945211187757808657,	 0.63462433822924646520,	 19.82040926596570429297,	 31.23171941572455523328,	 98073.55256505764555186033,	 98561.26271388892200775445,	 0.00000000000000000000,	 0.00000000000000000000,	 -277.95370043099461554448,	 0.00000000000000000000,	 0.00000000000000000000,	 -13.89768502154973184304,	 0.05000000000000000278,	 0.04658586690838537742,	 0.00000000000000000000,	 0.00000000000000000000
6.27329999999999987637,	 34.54999999999999715783,	 0.39999999999999996669,	 0.50265482457436694297, 1128379.16709551215171813965,	 0.44941113117277692313,	 0.04941113117277695643,	 0.63450861436762973078,	 19.82994670349120625019,	 31.25244678238816931071,	 97994.74615853995783254504,	 98483.10387348296353593469,	 0.00000000000000000000,	 0.00000000000000000000,	 -278.16353102632086802259,	 0.00000000000000000000,	 0.00000000000000000000,	 -13.90817655131604269059,	 0.04999999999999999584,	 0.04661890965638641748,	 0.00000000000000000000,	 0.00000000000000000000
6.27439999999999997726,	 34.54999999999999715783,	 0.39999999999999996669,	 0.50265482457436694297, 1128379.16709551215171813965,	 0.44937030909217307029,	 0.04937030909217310359,	 0.63439334892978960223,	 19.83887433969837843506,	 31.27219787717858423548,	 97916.21814514424477238208,	 98405.19332517894508782774,	 0.00000000000000000000,	 0.00000000000000000000,	 -278.36461149696611983018,	 0.00000000000000000000,	 0.00000000000000000000,	 -13.91823057484830705732,	 0.05000000000000000278,	 0.04665049092114966628,	 0.00000000000000000000,	 0.00000000000000000000
6.27550000000000007816,	 34.54999999999999715783,	 0.39999999999999996669,	 0.50265482457436694297, 1128379.16709551215171813965,	 0.44932964377815681756,	 0.04932964377815685086,	 0.63427853654922561333,	 19.84719117866333348843,	 31.29097081960460968730,	 97837.96868282021023333073,	 98327.53111023688688874245,	 0.00000000000000000000,	 0.00000000000000000000,	 -278.55692365628647166886,	 0.00000000000000000000,	 0.00000000000000000000,	 -13.92784618281432429399,	 0.05000000000000000278,	 0.04668060777701938530,	 0.00000000000000000000,	 0.00000000000000000000
6.27660000000000017906,	 34.54999999999999715783,	 0.39999999999999996669,	 0.50265482457436694297, 1128379.16709551215171813965,	 0.44928913355905375493,	 0.04928913355905378824,	 0.63416417238669042789,	 19.85489679278133579032,	 31.30876460279521467100,	 97759.99806706713570747524,	 98250.11743754375493153930,	 0.00000000000000000000,	 0.00000000000000000000,	 -278.74045699509485984890,	 0.00000000000000000000,	 0.00000000000000000000,	 -13.93702284975474547934,	 0.05000000000000000971,	 0.04670925859327835356,	 0.00000000000000000000,	 0.00000000000000000000
6.27770000000000027995,	 34.54999999999999715783,	 0.39999999999999996669,	 0.50265482457436694297, 1128379.16709551215171813965,	 0.44924877693737658158,	 0.04924877693737661488,	 0.63405025209677656761,	 19.86199130914844701579,	 31.32557907431738541959,	 97682.30670474670478142798,	 98172.95265691736130975187,	 0.00000000000000000000,	 0.00000000000000000000,	 -278.91520852094862448212,	 0.00000000000000000000,	 0.00000000000000000000,	 -13.94576042604743371101,	 0.05000000000000000971,	 0.04673644300637539578,	 0.00000000000000000000,	 0.00000000000000000000
6.27880000000000038085,	 34.54999999999999715783,	 0.39999999999999996669,	 0.50265482457436694297, 1128379.16709551215171813965,	 0.44920857257802920826,	 0.04920857257802924156,	 0.63393677179438545632,	 19.86847539580250199265,	 31.34141491676515656195,	 97604.89509151349193416536,	 98096.03723600591183640063,	 0.00000000000000000000,	 0.00000000000000000000,	 -279.08118259538372285533,	 0.00000000000000000000,	 0.00000000000000000000,	 -13.95405912976918649804,	 0.05000000000000000278,	 0.04676216189181008759,	 0.00000000000000000000,	 0.00000000000000000000
6.27990000000000048175,	 34.54999999999999715783,	 0.39999999999999996669,	 0.50265482457436694297, 1128379.16709551215171813965,	 0.44916851929693857315,	 0.04916851929693860646,	 0.63382372802242592513,	 19.87435025154078971354,	 31.35627363391733979370,	 97527.76380753447301685810,	 98019.37175563702476210892,	 0.00000000000000000000,	 0.00000000000000000000,	 -279.23839082042326253941,	 0.00000000000000000000,	 0.00000000000000000000,	 -13.96191954102116383751,	 0.05000000000000000278,	 0.04678641734429968974,	 0.00000000000000000000,	 0.00000000000000000000
6.28100000000000058265,	 34.54999999999999715783,	 0.39999999999999996669,	 0.50265482457436694297, 1128379.16709551215171813965,	 0.44912861605197229586,	 0.04912861605197232917,	 0.63371111772598154310,	 19.87961761252529768740,	 31.37015756305746094768,	 97450.91357843069999944419,	 97942.95697119622491300106,	 0.00000000000000000000,	 0.00000000000000000000,	 -279.38685215664258976176,	 0.00000000000000000000,	 0.00000000000000000000,	 -13.96934260783212877755,	 0.04999999999999999584,	 0.04680921269686267455,	 0.00000000000000000000,	 0.00000000000000000000
6.28210000000000068354,	 34.54999999999999715783,	 0.39999999999999996669,	 0.50265482457436694297, 1128379.16709551215171813965,	 0.44908886194146441229,	 0.04908886194146444559,	 0.63359893824796287287,	 19.88427980942163486588,	 31.38306996600395137875,	 97374.34550793949165381491,	 97866.79404818503826390952,	 0.00000000000000000000,	 0.00000000000000000000,	 -279.52659373765106920473,	 0.00000000000000000000,	 0.00000000000000000000,	 -13.97632968688255417078,	 0.05000000000000000278,	 0.04683055265696602076,	 0.00000000000000000000,	 0.00000000000000000000
6.28319999999999989626,	 34.54999999999999715783,	 0.39999999999999996669,	 0.50265482457436694297, 1128379.16709551215171813965,	 0.44904925622211283587,	 0.04904925622211286917,	 0.63348718737941978052,	 19.88833994096421164954,	 31.39501530131551376712,	 97298.06166473824123386294,	 97790.88515762315364554524,	 0.00000000000000000000,	 0.00000000000000000000,	 -279.65765328680663515115,	 0.00000000000000000000,	 0.00000000000000000000,	 -13.98288266434033211283,	 0.05000000000000000278,	 0.04685044371206447539,	 0.00000000000000000000,	 0.00000000000000000000
6.28429999999999999716,	 34.54999999999999715783,	 0.39999999999999996669,	 0.50265482457436694297, 1128379.16709551215171813965,	 0.44900979836720972260,	 0.04900979836720975591,	 0.63337586352361585629,	 19.89180226708542065239,	 31.40599983779416959351,	 97222.06626971624791622162,	 97715.23468262201640754938,	 0.00000000000000000000,	 0.00000000000000000000,	 -279.78008455049064195919,	 0.00000000000000000000,	 0.00000000000000000000,	 -13.98900422752453209796,	 0.05000000000000000278,	 0.04686889504247659932,	 0.00000000000000000000,	 0.00000000000000000000
6.28540000000000009805,	 34.54999999999999715783,	 0.39999999999999996669,	 0.50265482457436694297, 1128379.16709551215171813965,	 0.44897048819646917517,	 0.04897048819646920848,	 0.63326496606199567108,	 19.89467295523391143774,	 31.41603281632708188909,	 97146.36775002998183481395,	 97639.85130898824718315154,	 0.00000000000000000000,	 0.00000000000000000000,	 -279.89396757480812993890,	 0.00000000000000000000,	 0.00000000000000000000,	 -13.99469837874040756276,	 0.05000000000000000278,	 0.04688592024910613609,	 0.00000000000000000000,	 0.00000000000000000000
6.28650000000000019895,	 34.54999999999999715783,	 0.39999999999999996669,	 0.50265482457436694297, 1128379.16709551215171813965,	 0.44893132611715325098,	 0.04893132611715328428,	 0.63315449603389928335,	 19.89696132220613833397,	 31.42512837994733132518,	 97070.98187130734731908888,	 97564.75121815543388947845,	 0.00000000000000000000,	 0.00000000000000000000,	 -279.99942576292050944176,	 0.00000000000000000000,	 0.00000000000000000000,	 -13.99997128814602653790,	 0.05000000000000000278,	 0.04690154022234054726,	 0.00000000000000000000,	 0.00000000000000000000
6.28760000000000029985,	 34.54999999999999715783,	 0.39999999999999996669,	 0.50265482457436694297, 1128379.16709551215171813965,	 0.44889231351939784531,	 0.04889231351939787862,	 0.63304445725084934615,	 19.89868169240284956345,	 31.43330845801533612871,	 96995.93604367814259603620,	 97489.96248398651368916035,	 0.00000000000000000000,	 0.00000000000000000000,	 -280.09665134671115538367,	 0.00000000000000000000,	 0.00000000000000000000,	 -14.00483256733556025608,	 0.05000000000000000971,	 0.04691578742768352794,	 0.00000000000000000000,	 0.00000000000000000000
6.28870000000000040075,	 34.54999999999999715783,	 0.39999999999999996669,	 0.50265482457436694297, 1128379.16709551215171813965,	 0.44885345336647719527,	 0.04885345336647722858,	 0.63293485796003456922,	 19.89985595691479147717,	 31.44060673329407507026,	 96921.27479379514988977462,	 97415.53066967397171538323,	 0.00000000000000000000,	 0.00000000000000000000,	 -280.18594039978239607080,	 0.00000000000000000000,	 0.00000000000000000000,	 -14.00929701998911980354,	 0.05000000000000000278,	 0.04692871179860932940,	 0.00000000000000000000,	 0.00000000000000000000
6.28980000000000050164,	 34.54999999999999715783,	 0.39999999999999996669,	 0.50265482457436694297, 1128379.16709551215171813965,	 0.44881475100935686040,	 0.04881475100935689371,	 0.63282571313943891678,	 19.90051682123202780872,	 31.44707366978794382817,	 96847.06604625005275011063,	 97341.52526744658825919032,	 0.00000000000000000000,	 0.00000000000000000000,	 -280.26773718168044524646,	 0.00000000000000000000,	 0.00000000000000000000,	 -14.01338685908402403868,	 0.05000000000000000971,	 0.04694038820253054051,	 0.00000000000000000000,	 0.00000000000000000000
6.29090000000000060254,	 34.54999999999999715783,	 0.39999999999999996669,	 0.50265482457436694297, 1128379.16709551215171813965,	 0.44877621521667937499,	 0.04877621521667940829,	 0.63271704739927514538,	 19.90071148253251465121,	 31.45278219439881794983,	 96773.40712206855823751539,	 97268.04587595271004829556,	 0.00000000000000000000,	 0.00000000000000000000,	 -280.34268419695723650875,	 0.00000000000000000000,	 0.00000000000000000000,	 -14.01713420984786218071,	 0.05000000000000000278,	 0.04695092487331860298,	 0.00000000000000000000,	 0.00000000000000000000
6.29200000000000070344,	 34.54999999999999715783,	 0.39999999999999996669,	 0.50265482457436694297, 1128379.16709551215171813965,	 0.44873785935207621822,	 0.04873785935207625153,	 0.63260889829735333922,	 19.90050524995225700309,	 31.45783327347091073989,	 96700.42918815335724502802,	 97195.22682528410223312676,	 0.00000000000000000000,	 0.00000000000000000000,	 -280.41167124959997636324,	 0.00000000000000000000,	 0.00000000000000000000,	 -14.02058356247999881816,	 0.05000000000000000278,	 0.04696047168125884463,	 0.00000000000000000000,	 0.00000000000000000000
6.29309999999999991616,	 34.54999999999999715783,	 0.39999999999999996669,	 0.50265482457436694297, 1128379.16709551215171813965,	 0.44869970259894659259,	 0.04869970259894662590,	 0.63250131978664114740,	 19.89998469924770319039,	 31.46236075200677362318,	 96628.29980527394218370318,	 97123.23987731864326633513,	 0.00000000000000000000,	 0.00000000000000000000,	 -280.47587791809371537965,	 0.00000000000000000000,	 0.00000000000000000000,	 -14.02379389590468683480,	 0.05000000000000000278,	 0.04696922730175278476,	 0.00000000000000000000,	 0.00000000000000000000
6.29420000000000001705,	 34.54999999999999715783,	 0.39999999999999996669,	 0.50265482457436694297, 1128379.16709551215171813965,	 0.44866177114834671080,	 0.04866177114834674411,	 0.63239438555717120138,	 19.89926020234075565440,	 31.46653521411090537185,	 96557.22395822319958824664,	 97052.29537741364038083702,	 0.00000000000000000000,	 0.00000000000000000000,	 -280.53680734663470275336,	 0.00000000000000000000,	 0.00000000000000000000,	 -14.02684036733173478240,	 0.04999999999999999584,	 0.04697744492633440516,	 0.00000000000000000000,	 0.00000000000000000000
6.29530000000000011795,	 34.54999999999999715783,	 0.39999999999999996669,	 0.50265482457436694297, 1128379.16709551215171813965,	 0.44862409929001673126,	 0.04862409929001676456,	 0.63228819210337106060,	 19.89846777783348130697,	 31.47056678638771032297,	 96487.44380299048498272896,	 96982.64208991873601917177,	 0.00000000000000000000,	 0.00000000000000000000,	 -280.59631068587151503380,	 0.00000000000000000000,	 0.00000000000000000000,	 -14.02981553429357752805,	 0.05000000000000000971,	 0.04698543640175570357,	 0.00000000000000000000,	 0.00000000000000000000
6.29640000000000021885,	 34.54999999999999715783,	 0.39999999999999996669,	 0.50265482457436694297, 1128379.16709551215171813965,	 0.44858673035440166377,	 0.04858673035440169707,	 0.63218286137007806413,	 19.89777018109461437234,	 31.47470676122381760820,	 96419.23705733897804748267,	 96914.56564019148936495185,	 0.00000000000000000000,	 0.00000000000000000000,	 -280.65660111129477627401,	 0.00000000000000000000,	 0.00000000000000000000,	 -14.03283005556474094533,	 0.05000000000000000971,	 0.04699357461552528675,	 0.00000000000000000000,	 0.00000000000000000000
6.29750000000000031974,	 34.54999999999999715783,	 0.39999999999999996669,	 0.50265482457436694297, 1128379.16709551215171813965,	 0.44854971745311900122,	 0.04854971745311903453,	 0.63207854282949527125,	 19.89735713011841866660,	 31.47924788120165473515,	 96352.91391826169274281710,	 96848.38544184475904330611,	 0.00000000000000000000,	 0.00000000000000000000,	 -280.72025602817831213542,	 0.00000000000000000000,	 0.00000000000000000000,	 -14.03601280140891738313,	 0.05000000000000000971,	 0.04700229389291926685,	 0.00000000000000000000,	 0.00000000000000000000
6.29860000000000042064,	 34.54999999999999715783,	 0.39999999999999996669,	 0.50265482457436694297, 1128379.16709551215171813965,	 0.44851312396758052925,	 0.04851312396758056256,	 0.63197541484780361820,	 19.89744458689085604419,	 31.48452316247568916197,	 96288.81251834196154959500,	 96784.45011772619909606874,	 0.00000000000000000000,	 0.00000000000000000000,	 -280.79020639540044612659,	 0.00000000000000000000,	 0.00000000000000000000,	 -14.03951031977002195106,	 0.04999999999999999584,	 0.04701208822487126793,	 0.00000000000000000000,	 0.00000000000000000000
6.29970000000000052154,	 34.54999999999999715783,	 0.39999999999999996669,	 0.50265482457436694297, 1128379.16709551215171813965,	 0.44847702374744108367,	 0.04847702374744111697,	 0.63187368523398723674,	 19.89827308724387577854,	 31.49090324892293324410,	 96227.29314491897821426392,	 96723.13163863548834342510,	 0.00000000000000000000,	 0.00000000000000000000,	 -280.86971310848662142234,	 0.00000000000000000000,	 0.00000000000000000000,	 -14.04348565542433213693,	 0.05000000000000000278,	 0.04702350731562910530,	 0.00000000000000000000,	 0.00000000000000000000
6.30080000000000062244,	 34.54999999999999715783,	 0.39999999999999996669,	 0.50265482457436694297, 1128379.16709551215171813965,	 0.44844150088619799677,	 0.04844150088619803007,	 0.63177359059766013960,	 19.90010543713734136873,	 31.49879281644515671701,	 96168.70918562110455241054,	 96664.79616006776632275432,	 0.00000000000000000000,	 0.00000000000000000000,	 -280.96233514693074084789,	 0.00000000000000000000,	 0.00000000000000000000,	 -14.04811675734653952929,	 0.05000000000000000971,	 0.04703715123181303331,	 0.00000000000000000000,	 0.00000000000000000000
6.30190000000000072333,	 34.54999999999999715783,	 0.39999999999999996669,	 0.50265482457436694297, 1128379.16709551215171813965,	 0.44840664890732623293,	 0.04840664890732626624,	 0.63167539404730310704,	 19.90322656973425097249,	 31.50863047270097538899,	 96113.53423415739962365478,	 96609.93113129000994376838,	 0.00000000000000000000,	 0.00000000000000000000,	 -281.07192923638353931892,	 0.00000000000000000000,	 0.00000000000000000000,	 -14.05359646181917732122,	 0.05000000000000000278,	 0.04705367029934638679,	 0.00000000000000000000,	 0.00000000000000000000
6.30299999999999993605,	 34.54999999999999715783,	 0.39999999999999996669,	 0.50265482457436694297, 1128379.16709551215171813965,	 0.44837257585406664617,	 0.04837257585406667948,	 0.63157939952242736492,	 19.90793762967318158985,	 31.52087868085420652164,	 96062.12278374125889968127,	 96558.90568014782911632210,	 0.00000000000000000000,	 0.00000000000000000000,	 -281.20255678717882119599,	 0.00000000000000000000,	 0.00000000000000000000,	 -14.06012783935894283616,	 0.05000000000000000971,	 0.04707374979018211225,	 0.00000000000000000000,	 0.00000000000000000000
6.30410000000000003695,	 34.54999999999999715783,	 0.39999999999999996669,	 0.50265482457436694297, 1128379.16709551215171813965,	 0.44833939314787057961,	 0.04833939314787061292,	 0.63148592039689166455,	 19.91454935028211536974,	 31.53601482954003643044,	 96014.84143925998068880290,	 96512.10155492446210701019,	 0.00000000000000000000,	 0.00000000000000000000,	 -281.35841116365054404014,	 0.00000000000000000000,	 0.00000000000000000000,	 -14.06792055818252862309,	 0.05000000000000000278,	 0.04709809716663909684,	 0.00000000000000000000,	 0.00000000000000000000
6.30520000000000013785,	 34.54999999999999715783,	 0.39999999999999996669,	 0.50265482457436694297, 1128379.16709551215171813965,	 0.44830722054378352448,	 0.04830722054378355779,	 0.63139529343945044459,	 19.92337869554930662730,	 31.55452519612409645333,	 95972.07307063577172812074,	 96469.91710081219207495451,	 0.00000000000000000000,	 0.00000000000000000000,	 -281.54376061888433468994,	 0.00000000000000000000,	 0.00000000000000000000,	 -14.07718803094421744504,	 0.05000000000000000278,	 0.04712743279731063106,	 0.00000000000000000000,	 0.00000000000000000000
6.30630000000000023874,	 34.54999999999999715783,	 0.39999999999999996669,	 0.50265482457436694297, 1128379.16709551215171813965,	 0.44827618380206463167,	 0.04827618380206466497,	 0.63130787225412765551,	 19.93474577249910950627,	 31.57690035025342822905,	 95934.17901181298657320440,	 96432.72932967790984548628,	 0.00000000000000000000,	 0.00000000000000000000,	 -281.76290859294130086710,	 0.00000000000000000000,	 0.00000000000000000000,	 -14.08814542964706717498,	 0.05000000000000000971,	 0.04716248320179101255,	 0.00000000000000000000,	 0.00000000000000000000
6.30740000000000033964,	 34.54999999999999715783,	 0.39999999999999996669,	 0.50265482457436694297, 1128379.16709551215171813965,	 0.44824641334749637522,	 0.04824641334749640853,	 0.63122402350670769877,	 19.94897011491718430420,	 31.60362941209444898050,	 95901.50277818056929390877,	 96400.89747418907063547522,	 0.00000000000000000000,	 0.00000000000000000000,	 -282.02014312689397002032,	 0.00000000000000000000,	 0.00000000000000000000,	 -14.10100715634469814574,	 0.04999999999999999584,	 0.04720397252914259462,	 0.00000000000000000000,	 0.00000000000000000000
6.30850000000000044054,	 34.54999999999999715783,	 0.39999999999999996669,	 0.50265482457436694297, 1128379.16709551215171813965,	 0.44821804291965322564,	 0.04821804291965325895,	 0.63114412312888612533,	 19.96636736313809024068,	 31.63519492846604919123,	 95874.36721319105708971620,	 96374.75999227208376396447,	 0.00000000000000000000,	 0.00000000000000000000,	 -282.31969174999875349386,	 0.00000000000000000000,	 0.00000000000000000000,	 -14.11598458749993767469,	 0.05000000000000000278,	 0.04725261495582985805,	 0.00000000000000000000,	 0.00000000000000000000
6.30960000000000054143,	 34.54999999999999715783,	 0.39999999999999996669,	 0.50265482457436694297, 1128379.16709551215171813965,	 0.44819120825097746863,	 0.04819120825097750194,	 0.63106855260375593897,	 19.98724637251332936216,	 31.67206841482909140950,	 95853.07274071511346846819,	 96354.63269955191935878247,	 0.00000000000000000000,	 0.00000000000000000000,	 -282.66568225134312797309,	 0.00000000000000000000,	 0.00000000000000000000,	 -14.13328411256715710920,	 0.05000000000000000278,	 0.04730910807336385221,	 0.00000000000000000000,	 0.00000000000000000000
6.31070000000000064233,	 34.54999999999999715783,	 0.39999999999999996669,	 0.50265482457436694297, 1128379.16709551215171813965,	 0.44816604580822833048,	 0.04816604580822836379,	 0.63099769543259343063,	 20.01190678228834940455,	 31.71470661009114522244,	 95837.89638777991058304906,	 96340.80769546199007891119,	 0.00000000000000000000,	 0.00000000000000000000,	 -283.06210974012043379844,	 0.00000000000000000000,	 0.00000000000000000000,	 -14.15310548700602311101,	 0.05000000000000000278,	 0.04737412733455188818,	 0.00000000000000000000,	 0.00000000000000000000
6.31180000000000074323,	 34.54999999999999715783,	 0.39999999999999996669,	 0.50265482457436694297, 1128379.16709551215171813965,	 0.44814269162265180091,	 0.04814269162265183422,	 0.63093193385402990270,	 20.04063703587042510890,	 31.76354842820010659921,	 95829.09140392902190797031,	 96333.55290830432204529643,	 0.00000000000000000000,	 0.00000000000000000000,	 -283.51280984357424586051,	 0.00000000000000000000,	 0.00000000000000000000,	 -14.17564049217871158248,	 0.04999999999999999584,	 0.04744832153375254380,	 0.00000000000000000000,	 0.00000000000000000000
6.31289999999999995595,	 34.54999999999999715783,	 0.39999999999999996669,	 0.50265482457436694297, 1128379.16709551215171813965,	 0.44812128022581571019,	 0.04812128022581574349,	 0.63087164586297428404,	 20.07371282675472201618,	 31.81901256521955900780,	 95826.88736885263642761856,	 96333.11214916543394792825,	 0.00000000000000000000,	 0.00000000000000000000,	 -284.02143767138602470368,	 0.00000000000000000000,	 0.00000000000000000000,	 -14.20107188356930194573,	 0.05000000000000000278,	 0.04753230925922272143,	 0.00000000000000000000,	 0.00000000000000000000
6.31400000000000005684,	 34.54999999999999715783,	 0.39999999999999996669,	 0.50265482457436694297, 1128379.16709551215171813965,	 0.44810194369830103067,	 0.04810194369830106398,	 0.63081720254914441792,	 20.11139591128643644424,	 31.88149566945210011681,	 95831.49058974209765437990,	 96339.70547280274331569672,	 0.00000000000000000000,	 0.00000000000000000000,	 -284.59145172480964447459,	 0.00000000000000000000,	 0.00000000000000000000,	 -14.22957258624048293427,	 0.05000000000000000278,	 0.04762667617976192730,	 0.00000000000000000000,	 0.00000000000000000000
6.31510000000000015774,	 34.54999999999999715783,	 0.39999999999999996669,	 0.50265482457436694297, 1128379.16709551215171813965,	 0.44808481083452239568,	 0.04808481083452242899,	 0.63076896576401109140,	 20.15393325759027121080,	 31.95137102723351318900,	 95843.08480037550907582045,	 96353.52985563548281788826,	 0.00000000000000000000,	 0.00000000000000000000,	 -285.22610233296347814758,	 0.00000000000000000000,	 0.00000000000000000000,	 -14.26130511664817390738,	 0.05000000000000000278,	 0.04773197309532729166,	 0.00000000000000000000,	 0.00000000000000000000
6.31620000000000025864,	 34.54999999999999715783,	 0.39999999999999996669,	 0.50265482457436694297, 1128379.16709551215171813965,	 0.44807000641685118536,	 0.04807000641685121867,	 0.63072728609652828347,	 20.20155642832573406054,	 32.02898760469042116483,	 95861.83166546175198163837,	 96374.75968895245750900358,	 0.00000000000000000000,	 0.00000000000000000000,	 -285.92842320173525649807,	 0.00000000000000000000,	 0.00000000000000000000,	 -14.29642116008676389072,	 0.05000000000000000278,	 0.04784871451396856268,	 0.00000000000000000000,	 0.00000000000000000000
6.31730000000000035953,	 34.54999999999999715783,	 0.39999999999999996669,	 0.50265482457436694297, 1128379.16709551215171813965,	 0.44805765059402202777,	 0.04805765059402206107,	 0.63069250114311348199,	 20.25448124111731473818,	 32.11466951708892025863,	 95887.87213109340518712997,	 96403.54813018933054991066,	 0.00000000000000000000,	 0.00000000000000000000,	 -286.70122672394683149832,	 0.00000000000000000000,	 0.00000000000000000000,	 -14.33506133619734335127,	 0.05000000000000000278,	 0.04797737786286245670,	 0.00000000000000000000,	 0.00000000000000000000
6.31840000000000046043,	 34.54999999999999715783,	 0.39999999999999996669,	 0.50265482457436694297, 1128379.16709551215171813965,	 0.44804785836944605038,	 0.04804785836944608368,	 0.63066493408733415027,	 20.31290751023796659069,	 32.20871561478800515488,	 95921.32749558691284619272,	 96440.02817636405234225094,	 0.00000000000000000000,	 0.00000000000000000000,	 -287.54710027632557967081,	 0.00000000000000000000,	 0.00000000000000000000,	 -14.37735501381627933881,	 0.05000000000000000278,	 0.04811840286900923025,	 0.00000000000000000000,	 0.00000000000000000000
6.31950000000000056133,	 34.54999999999999715783,	 0.39999999999999996669,	 0.50265482457436694297, 1128379.16709551215171813965,	 0.44804073919863596220,	 0.04804073919863599551,	 0.63064489258669609306,	 20.37701849443773127746,	 32.31139859209508813365,	 95962.30033861369884107262,	 96484.31357810231565963477,	 0.00000000000000000000,	 0.00000000000000000000,	 -288.46839820760169459390,	 0.00000000000000000000,	 0.00000000000000000000,	 -14.42341991038008686132,	 0.05000000000000000971,	 0.04827219022301824231,	 0.00000000000000000000,	 0.00000000000000000000
6.32060000000000066223,	 34.54999999999999715783,	 0.39999999999999996669,	 0.50265482457436694297, 1128379.16709551215171813965,	 0.44803639970693687200,	 0.04803639970693690531,	 0.63063267644301090886,	 20.44698178618597239620,	 32.42296593559678541396,	 96011.05814324622042477131,	 96536.68250327665009535849,	 0.00000000000000000000,	 0.00000000000000000000,	 -289.46724825755080701128,	 0.00000000000000000000,	 0.00000000000000000000,	 -14.47336241287754177165,	 0.05000000000000000278,	 0.04843910282438535636,	 0.00000000000000000000,	 0.00000000000000000000
6.32169999999999987494,	 34.54999999999999715783,	 0.39999999999999996669,	 0.50265482457436694297, 1128379.16709551215171813965,	 0.44803502066222616884,	 0.04803502066222620215,	 0.63062879430611773479,	 20.52286693872457590260,	 32.54349805150577168433,	 96066.66433610825333744287,	 96596.20396882243221625686,	 0.00000000000000000000,	 0.00000000000000000000,	 -290.54423471990440930313,	 0.00000000000000000000,	 0.00000000000000000000,	 -14.52721173599522153097,	 0.05000000000000000278,	 0.04861924962523447163,	 0.00000000000000000000,	 0.00000000000000000000
6.32279999999999997584,	 34.54999999999999715783,	 0.39999999999999996669,	 0.50265482457436694297, 1128379.16709551215171813965,	 0.44803636147307540627,	 0.04803636147307543958,	 0.63063256881103568752,	 20.60482705548100312853,	 32.67326819851431451980,	 96128.36643067150725983083,	 96662.13765805753064341843,	 0.00000000000000000000,	 0.00000000000000000000,	 -291.70193321889837534400,	 0.00000000000000000000,	 0.00000000000000000000,	 -14.58509666094491841193,	 0.04999999999999999584,	 0.04881305024807961607,	 0.00000000000000000000,	 0.00000000000000000000
6.32390000000000007674,	 34.54999999999999715783,	 0.39999999999999996669,	 0.50265482457436694297, 1128379.16709551215171813965,	 0.44804081353609120919,	 0.04804081353609124250,	 0.63064510185579270019,	 20.69296635913411464003,	 32.81237941631694354783,	 96200.51906828003120608628,	 96738.84518976020626723766,	 0.00000000000000000000,	 0.00000000000000000000,	 -292.94098595483245617288,	 0.00000000000000000000,	 0.00000000000000000000,	 -14.64704929774162245337,	 0.04999999999999999584,	 0.04902063539403568593,	 0.00000000000000000000,	 0.00000000000000000000
6.32500000000000017764,	 34.54999999999999715783,	 0.39999999999999996669,	 0.50265482457436694297, 1128379.16709551215171813965,	 0.44804838572770455674,	 0.04804838572770459004,	 0.63066641869015438449,	 20.78744302340590621725,	 32.96107483664633264198,	 96279.55896029439463745803,	 96822.77518748788861557841,	 0.00000000000000000000,	 0.00000000000000000000,	 -294.26352944548256118651,	 0.00000000000000000000,	 0.00000000000000000000,	 -14.71317647227412983568,	 0.05000000000000000278,	 0.04924236543807638394,	 0.00000000000000000000,	 0.00000000000000000000
6.32610000000000027853,	 34.54999999999999715783,	 0.39999999999999996669,	 0.50265482457436694297, 1128379.16709551215171813965,	 0.44805914192288059938,	 0.04805914192288063269,	 0.63069669958272012167,	 20.88835017302420382634,	 33.11948546241687552083,	 96366.27012760702928062528,	 96914.72028625465463846922,	 0.00000000000000000000,	 0.00000000000000000000,	 -295.67065919273096596953,	 0.00000000000000000000,	 0.00000000000000000000,	 -14.78353295963654900902,	 0.05000000000000000278,	 0.04947842989322941143,	 0.00000000000000000000,	 0.00000000000000000000
6.32720000000000037943,	 34.54999999999999715783,	 0.39999999999999996669,	 0.50265482457436694297, 1128379.16709551215171813965,	 0.44807314566586381455,	 0.04807314566586384785,	 0.63073612407683432579,	 20.99576370470613539965,	 33.28771399519285267843,	 96460.70325075041910167783,	 97014.73920226329937577248,	 0.00000000000000000000,	 0.00000000000000000000,	 -297.16321379381304268463,	 0.00000000000000000000,	 0.00000000000000000000,	 -14.85816068969065284477,	 0.05000000000000000278,	 0.04972897563458551773,	 0.00000000000000000000,	 0.00000000000000000000
6.32830000000000048033,	 34.54999999999999715783,	 0.39999999999999996669,	 0.50265482457436694297, 1128379.16709551215171813965,	 0.44809045342316700111,	 0.04809045342316703442,	 0.63078485200754030870,	 21.10974543566326033783,	 33.46584079893364105374,	 96562.81890306941932067275,	 97122.80015325920248869807,	 0.00000000000000000000,	 0.00000000000000000000,	 -298.74183253200641274816,	 0.00000000000000000000,	 0.00000000000000000000,	 -14.93709162660032063741,	 0.05000000000000000278,	 0.04999411617255030554,	 0.00000000000000000000,	 0.00000000000000000000
6.32940000000000058122,	 34.54999999999999715783,	 0.39999999999999996669,	 0.50265482457436694297, 1128379.16709551215171813965,	 0.44811111477831994110,	 0.04811111477831997441,	 0.63084302405840331218,	 21.23034371806512510261,	 33.65392484089611713216,	 96672.57609193364623934031,	 97238.86942053199163638055,	 0.00000000000000000000,	 0.00000000000000000000,	 -300.40696363931670020975,	 0.00000000000000000000,	 0.00000000000000000000,	 -15.02034818196583643157,	 0.05000000000000000278,	 0.05027393304685685849,	 0.00000000000000000000,	 0.00000000000000000000
6.33050000000000068212,	 34.54999999999999715783,	 0.39999999999999996669,	 0.50265482457436694297, 1128379.16709551215171813965,	 0.44813517253069967694,	 0.04813517253069971025,	 0.63091076204640539338,	 21.35759372920904652915,	 33.85200414070307317616,	 96789.92179057777684647590,	 97362.90088274887239094824,	 0.00000000000000000000,	 0.00000000000000000000,	 -302.15886826766791273258,	 0.00000000000000000000,	 0.00000000000000000000,	 -15.10794341338339563663,	 0.05000000000000000278,	 0.05056847649412440915,	 0.00000000000000000000,	 0.00000000000000000000
6.33159999999999989484,	 34.54999999999999715783,	 0.39999999999999996669,	 0.50265482457436694297, 1128379.16709551215171813965,	 0.44816266276728894402,	 0.04816266276728897733,	 0.63098816912867417006,	 21.49151789940772872001,	 34.06009645012072439840,	 96914.79114818999369163066,	 97494.83623328575049526989,	 0.00000000000000000000,	 0.00000000000000000000,	 -303.99762657431932666441,	 0.00000000000000000000,	 0.00000000000000000000,	 -15.19988132871596597795,	 0.04999999999999999584,	 0.05087776646465796970,	 0.00000000000000000000,	 0.00000000000000000000
6.33269999999999999574,	 34.54999999999999715783,	 0.39999999999999996669,	 0.50265482457436694297, 1128379.16709551215171813965,	 0.44819361495878762280,	 0.04819361495878765611,	 0.63107533007579985629,	 21.63212630564022020963,	 34.27819988311370025258,	 97047.10809786306344904006,	 97634.60559147641470190138,	 0.00000000000000000000,	 0.00000000000000000000,	 -305.92314338316180055699,	 0.00000000000000000000,	 0.00000000000000000000,	 -15.29615716915809109366,	 0.05000000000000000278,	 0.05120179356662830222,	 0.00000000000000000000,	 0.00000000000000000000
6.33380000000000009663,	 34.54999999999999715783,	 0.39999999999999996669,	 0.50265482457436694297, 1128379.16709551215171813965,	 0.44822805207101074076,	 0.04822805207101077407,	 0.63117231158622932874,	 21.77941707870425247506,	 34.50629357293788501693,	 97186.78596933564404025674,	 97782.12811740653705783188,	 0.00000000000000000000,	 0.00000000000000000000,	 -307.93515411187343033816,	 0.00000000000000000000,	 0.00000000000000000000,	 -15.39675770559367329327,	 0.05000000000000000278,	 0.05154052005270266107,	 0.00000000000000000000,	 0.00000000000000000000
6.33490000000000019753,	 34.54999999999999715783,	 0.39999999999999996669,	 0.50265482457436694297, 1128379.16709551215171813965,	 0.44826599068906569645,	 0.04826599068906572976,	 0.63127916263469840974,	 21.93337680048769300356,	 34.74433831927358085068,	 97333.72796365286922082305,	 97937.31248627493914682418,	 0.00000000000000000000,	 0.00000000000000000000,	 -310.03323063492069877611,	 0.00000000000000000000,	 0.00000000000000000000,	 -15.50166153174603422826,	 0.04999999999999999584,	 0.05189388079387843855,	 0.00000000000000000000,	 0.00000000000000000000
6.33600000000000029843,	 34.54999999999999715783,	 0.39999999999999996669,	 0.50265482457436694297, 1128379.16709551215171813965,	 0.44830744115193282839,	 0.04830744115193286170,	 0.63139591484805168697,	 22.09398089294044353892,	 34.99227722792198136403,	 97487.82764570947620086372,	 98100.05737850735022220761,	 0.00000000000000000000,	 0.00000000000000000000,	 -312.21678710492773234364,	 0.00000000000000000000,	 0.00000000000000000000,	 -15.61083935524638555137,	 0.04999999999999999584,	 0.05226178424428966351,	 0.00000000000000000000,	 0.00000000000000000000
6.33710000000000039933,	 34.54999999999999715783,	 0.39999999999999996669,	 0.50265482457436694297, 1128379.16709551215171813965,	 0.44835240769704393093,	 0.04835240769704396424,	 0.63152258290736318358,	 22.26119400380006752016,	 35.25003635074364183311,	 97648.96944859783980064094,	 98270.25197996220958884805,	 0.00000000000000000000,	 0.00000000000000000000,	 -314.48508579940471463487,	 0.00000000000000000000,	 0.00000000000000000000,	 -15.72425428997023821864,	 0.05000000000000000971,	 0.05264411340832837044,	 0.00000000000000000000,	 0.00000000000000000000
6.33820000000000050022,	 34.54999999999999715783,	 0.39999999999999996669,	 0.50265482457436694297, 1128379.16709551215171813965,	 0.44840088861529192599,	 0.04840088861529195929,	 0.63165916497764817983,	 22.43497038912001073641,	 35.51752532540850637588,	 97817.02921294863335788250,	 98447.77651556914497632533,	 0.00000000000000000000,	 0.00000000000000000000,	 -316.83724298665225660443,	 0.00000000000000000000,	 0.00000000000000000000,	 -15.84186214933261460658,	 0.05000000000000000278,	 0.05304072680924308558,	 0.00000000000000000000,	 0.00000000000000000000
6.33930000000000060112,	 34.54999999999999715783,	 0.39999999999999996669,	 0.50265482457436694297, 1128379.16709551215171813965,	 0.44845287641698650116,	 0.04845287641698653447,	 0.63180564316670007052,	 22.61525429484834504024,	 35.79463801794720012595,	 97991.87475377952796407044,	 98632.50280919746728613973,	 0.00000000000000000000,	 0.00000000000000000000,	 -319.27223483489621003173,	 0.00000000000000000000,	 0.00000000000000000000,	 -15.96361174174480979104,	 0.04999999999999999584,	 0.05345145946346120669,	 0.00000000000000000000,	 0.00000000000000000000
6.34040000000000070202,	 34.54999999999999715783,	 0.39999999999999996669,	 0.50265482457436694297, 1128379.16709551215171813965,	 0.44850835800825544775,	 0.04850835800825548105,	 0.63196198401174608072,	 22.80198033987928596389,	 36.08125317148107313869,	 98173.36642397931427694857,	 98824.29483919157064519823,	 0.00000000000000000000,	 0.00000000000000000000,	 -321.78890339267167064463,	 0.00000000000000000000,	 0.00000000000000000000,	 -16.08944516963358495332,	 0.05000000000000000278,	 0.05387612386550338917,	 0.00000000000000000000,	 0.00000000000000000000
6.34149999999999991473,	 34.54999999999999715783,	 0.39999999999999996669,	 0.50265482457436694297, 1128379.16709551215171813965,	 0.44856731487657597324,	 0.04856731487657600654,	 0.63212813899032338494,	 22.99507390201351952896,	 36.37723506304079990059,	 98361.35767115576891228557,	 99023.00928657162876334041,	 0.00000000000000000000,	 0.00000000000000000000,	 -324.38596265579496957798,	 0.00000000000000000000,	 0.00000000000000000000,	 -16.21929813278974918944,	 0.05000000000000000278,	 0.05431451098620108248,	 0.00000000000000000000,	 0.00000000000000000000
6.34260000000000001563,	 34.54999999999999715783,	 0.39999999999999996669,	 0.50265482457436694297, 1128379.16709551215171813965,	 0.44862972328470851480,	 0.04862972328470854810,	 0.63230404505345005894,	 23.19445150752405027106,	 36.68243416909245269153,	 98555.69560389585967641324,	 99228.49609218076511751860,	 0.00000000000000000000,	 0.00000000000000000000,	 -327.06200472422221992019,	 0.00000000000000000000,	 0.00000000000000000000,	 -16.35310023621111241710,	 0.05000000000000000278,	 0.05476639128495616043,	 0.00000000000000000000,	 0.00000000000000000000
6.34370000000000011653,	 34.54999999999999715783,	 0.39999999999999996669,	 0.50265482457436694297, 1128379.16709551215171813965,	 0.44869555447295367268,	 0.04869555447295370598,	 0.63248962518099627328,	 23.40002122493558545102,	 36.99668784011962685554,	 98756.22157300735125318170,	 99440.59902857698034495115,	 0.00000000000000000000,	 0.00000000000000000000,	 -329.81550604909949697685,	 0.00000000000000000000,	 0.00000000000000000000,	 -16.49077530245497769101,	 0.05000000000000000971,	 0.05523151573632944372,	 0.00000000000000000000,	 0.00000000000000000000
6.34480000000000021743,	 34.54999999999999715783,	 0.39999999999999996669,	 0.50265482457436694297, 1128379.16709551215171813965,	 0.44876477486963195496,	 0.04876477486963198826,	 0.63268478895911473003,	 23.61168306232045566162,	 37.31982098252450441578,	 98962.77176436014997307211,	 99659.15628344398282933980,	 0.00000000000000000000,	 0.00000000000000000000,	 -332.64483375163359824001,	 0.00000000000000000000,	 0.00000000000000000000,	 -16.63224168758168275417,	 0.05000000000000000971,	 0.05570961686812384711,	 0.00000000000000000000,	 0.00000000000000000000
6.34590000000000031832,	 34.54999999999999715783,	 0.39999999999999996669,	 0.50265482457436694297, 1128379.16709551215171813965,	 0.44883734630937405230,	 0.04883734630937408561,	 0.63288943317871637628,	 23.82932936685330105320,	 37.65164674526069177318,	 99175.17779406270710751414,	 99884.00104537766310386360,	 0.00000000000000000000,	 0.00000000000000000000,	 -335.54825198799932195470,	 0.00000000000000000000,	 0.00000000000000000000,	 -16.77741259939996609774,	 0.05000000000000000278,	 0.05620040980687300569,	 0.00000000000000000000,	 0.00000000000000000000
6.34700000000000041922,	 34.54999999999999715783,	 0.39999999999999996669,	 0.50265482457436694297, 1128379.16709551215171813965,	 0.44891322625850060835,	 0.04891322625850064165,	 0.63310344245311078737,	 24.05284522493487031625,	 37.99196720797531412472,	 99393.26730053532810416073,	 100114.96208670127089135349,	 0.00000000000000000000,	 0.00000000000000000000,	 -338.52392832906332387211,	 0.00000000000000000000,	 0.00000000000000000000,	 -16.92619641645316619361,	 0.05000000000000000278,	 0.05670359332571606875,	 0.00000000000000000000,	 0.00000000000000000000
6.34810000000000052012,	 34.54999999999999715783,	 0.39999999999999996669,	 0.50265482457436694297, 1128379.16709551215171813965,	 0.44899236804661946110,	 0.04899236804661949440,	 0.63332668985251516780,	 24.28210886098225529395,	 38.34057406713257165620,	 99616.86452936189016327262,	 100351.86433926052995957434,	 0.00000000000000000000,	 0.00000000000000000000,	 -341.56994012113466396841,	 0.00000000000000000000,	 0.00000000000000000000,	 -17.07849700605673604059,	 0.05000000000000000971,	 0.05721885088919649587,	 0.00000000000000000000,	 0.00000000000000000000
6.34920000000000062101,	 34.54999999999999715783,	 0.39999999999999996669,	 0.50265482457436694297, 1128379.16709551215171813965,	 0.44907472110359059059,	 0.04907472110359062389,	 0.63355903755318943027,	 24.51699203193471987561,	 38.69724931494870645565,	 99845.79091272260120604187,	 100594.52946499425161164254,	 0.00000000000000000000,	 0.00000000000000000000,	 -344.68428077938676779013,	 0.00000000000000000000,	 0.00000000000000000000,	 -17.23421403896933767896,	 0.04999999999999999584,	 0.05774585168707731253,	 0.00000000000000000000,	 0.00000000000000000000
6.35030000000000072191,	 34.54999999999999715783,	 0.39999999999999996669,	 0.50265482457436694297, 1128379.16709551215171813965,	 0.44916023120138043323,	 0.04916023120138046654,	 0.63380033750001374404,	 24.75736041217016492055,	 39.06176590221463840180,	 100079.86565260836505331099,	 100842.77643030807666946203,	 0.00000000000000000000,	 0.00000000000000000000,	 -347.86486593200936567882,	 0.00000000000000000000,	 0.00000000000000000000,	 -17.39324329660047041557,	 0.05000000000000000278,	 0.05828425164365035743,	 0.00000000000000000000,	 0.00000000000000000000
6.35139999999999993463,	 34.54999999999999715783,	 0.39999999999999996669,	 0.50265482457436694297, 1128379.16709551215171813965,	 0.44924884070071935405,	 0.04924884070071938735,	 0.63405043208242595210,	 25.00307396327501763267,	 39.43388837565628080029,	 100318.90631074212433304638,	 101096.42208695398585405201,	 0.00000000000000000000,	 0.00000000000000000000,	 -351.10953932924093123802,	 0.00000000000000000000,	 0.00000000000000000000,	 -17.55547696646204869353,	 0.05000000000000000278,	 0.05883369438837194459,	 0.00000000000000000000,	 0.00000000000000000000
6.35250000000000003553,	 34.54999999999999715783,	 0.39999999999999996669,	 0.50265482457436694297, 1128379.16709551215171813965,	 0.44934048880215365918,	 0.04934048880215369248,	 0.63430915482272609562,	 25.25398728761857469749,	 39.81337348769063311238,	 100562.72939023947401437908,	 101355.28174447464698459953,	 0.00000000000000000000,	 0.00000000000000000000,	 -354.41607849606106128704,	 0.00000000000000000000,	 0.00000000000000000000,	 -17.72080392480305377489,	 0.05000000000000000278,	 0.05939381218444890476,	 0.00000000000000000000,	 0.00000000000000000000
6.35360000000000013642,	 34.54999999999999715783,	 0.39999999999999996669,	 0.50265482457436694297, 1128379.16709551215171813965,	 0.44943511180017214901,	 0.04943511180017218232,	 0.63457633107318578425,	 25.50994996994088737097,	 40.19997078491542907841,	 100811.15088709125120658427,	 101619.16971264527819585055,	 0.00000000000000000000,	 0.00000000000000000000,	 -357.78220018367534294157,	 0.00000000000000000000,	 0.00000000000000000000,	 -17.88911000918376714708,	 0.05000000000000000278,	 0.05996422682472133531,	 0.00000000000000000000,	 0.00000000000000000000
6.35470000000000023732,	 34.54999999999999715783,	 0.39999999999999996669,	 0.50265482457436694297, 1128379.16709551215171813965,	 0.44953264333832781974,	 0.04953264333832785304,	 0.63485177871624254298,	 25.77080691306651516470,	 40.59342318482374878386,	 101063.98679642958450131118,	 101887.89979936067538801581,	 0.00000000000000000000,	 0.00000000000000000000,	 -361.20556570368819393479,	 0.00000000000000000000,	 0.00000000000000000000,	 -18.06027828518440969674,	 0.05000000000000000278,	 0.06054455050895059948,	 0.00000000000000000000,	 0.00000000000000000000
6.35580000000000033822,	 34.54999999999999715783,	 0.39999999999999996669,	 0.50265482457436694297, 1128379.16709551215171813965,	 0.44963301466304017584,	 0.04963301466304020915,	 0.63513530886138347409,	 26.03639867235747829000,	 40.99346754793607061629,	 101321.05356967773695942014,	 102161.28576047958631534129,	 0.00000000000000000000,	 0.00000000000000000000,	 -364.68378620868855932713,	 0.00000000000000000000,	 0.00000000000000000000,	 -18.23418931043442725581,	 0.04999999999999999584,	 0.06113438671321634599,	 0.00000000000000000000,	 0.00000000000000000000
6.35690000000000043912,	 34.54999999999999715783,	 0.39999999999999996669,	 0.50265482457436694297, 1128379.16709551215171813965,	 0.44973615487413559633,	 0.04973615487413562963,	 0.63542672653335996458,	 26.30656178970940928252,	 41.39983524650865120975,	 101582.16853163071209564805,	 102439.14171084974077530205,	 0.00000000000000000000,	 0.00000000000000000000,	 -368.21442792914814390315,	 0.00000000000000000000,	 0.00000000000000000000,	 -18.41072139645740790570,	 0.05000000000000000278,	 0.06173333105311541030,	 0.00000000000000000000,	 0.00000000000000000000
6.35800000000000054001,	 34.54999999999999715783,	 0.39999999999999996669,	 0.50265482457436694297, 1128379.16709551215171813965,	 0.44984199117088680131,	 0.04984199117088683462,	 0.63572583134834736995,	 26.58112912526791049572,	 41.81225272676189774756,	 101847.15026743987982627004,	 102721.28250648318498861045,	 0.00000000000000000000,	 0.00000000000000000000,	 -371.79501733868312385312,	 0.00000000000000000000,	 0.00000000000000000000,	 -18.58975086693415690320,	 0.05000000000000000278,	 0.06234097213613982308,	 0.00000000000000000000,	 0.00000000000000000000
6.35910000000000064091,	 34.54999999999999715783,	 0.39999999999999996669,	 0.50265482457436694297, 1128379.16709551215171813965,	 0.44995044909255393906,	 0.04995044909255397236,	 0.63603241817533162639,	 26.85993018700557755096,	 42.23044206467042727127,	 102115.81897576873598154634,	 103007.52409425747464410961,	 0.00000000000000000000,	 0.00000000000000000000,	 -375.42304624733208129328,	 0.00000000000000000000,	 0.00000000000000000000,	 -18.77115231236660619629,	 0.05000000000000000278,	 0.06295689240323502911,	 0.00000000000000000000,	 0.00000000000000000000
6.36020000000000074181,	 34.54999999999999715783,	 0.39999999999999996669,	 0.50265482457436694297, 1128379.16709551215171813965,	 0.45006145275205422518,	 0.05006145275205425849,	 0.63634627777892838196,	 27.14279146202427028811,	 42.65412152132346790268,	 102387.99677429244911763817,	 103297.68381567035976331681,	 0.00000000000000000000,	 0.00000000000000000000,	 -379.09597687604923521576,	 0.00000000000000000000,	 0.00000000000000000000,	 -18.95479884380246105025,	 0.04999999999999999584,	 0.06358066896847626437,	 0.00000000000000000000,	 0.00000000000000000000
6.36129999999999995453,	 34.54999999999999715783,	 0.39999999999999996669,	 0.50265482457436694297, 1128379.16709551215171813965,	 0.45017492506072215308,	 0.05017492506072218639,	 0.63666719743794986108,	 27.42953675656149670203,	 43.08300610890952242471,	 102663.50793981451715808362,	 103591.58064750468474812806,	 0.00000000000000000000,	 0.00000000000000000000,	 -382.81124701113236596939,	 0.00000000000000000000,	 0.00000000000000000000,	 -19.14056235055661758793,	 0.04999999999999999584,	 0.06421187447337893539,	 0.00000000000000000000,	 0.00000000000000000000
6.36240000000000005542,	 34.54999999999999715783,	 0.39999999999999996669,	 0.50265482457436694297, 1128379.16709551215171813965,	 0.45029078794183791112,	 0.05029078794183794443,	 0.63699496153320067648,	 27.71998754954605459488,	 43.51680817510087706523,	 102942.17908434364653658122,	 103889.03538121790916193277,	 0.00000000000000000000,	 0.00000000000000000000,	 -386.56627530849465301799,	 0.00000000000000000000,	 0.00000000000000000000,	 -19.32831376542473478253,	 0.05000000000000000278,	 0.06485007796749940601,	 0.00000000000000000000,	 0.00000000000000000000
6.36350000000000015632,	 34.54999999999999715783,	 0.39999999999999996669,	 0.50265482457436694297, 1128379.16709551215171813965,	 0.45040896253195539245,	 0.05040896253195542576,	 0.63732935210179819663,	 28.01396335287189742758,	 43.95523799505994588799,	 103223.83930986977065913379,	 104189.87078347094939090312,	 0.00000000000000000000,	 0.00000000000000000000,	 -390.35846665188347515141,	 0.00000000000000000000,	 0.00000000000000000000,	 -19.51792333259417588920,	 0.05000000000000000278,	 0.06549484579925014816,	 0.00000000000000000000,	 0.00000000000000000000
6.36460000000000025722,	 34.54999999999999715783,	 0.39999999999999996669,	 0.50265482457436694297, 1128379.16709551215171813965,	 0.45052936937160292796,	 0.05052936937160296127,	 0.63767014936248755941,	 28.31128206123483082024,	 44.39800434368632409132,	 103508.32039379156776703894,	 104493.91178864256653469056,	 0.00000000000000000000,	 0.00000000000000000000,	 -394.18521731990563239378,	 0.00000000000000000000,	 0.00000000000000000000,	 -19.70926086599528304077,	 0.05000000000000000278,	 0.06614574247596384515,	 0.00000000000000000000,	 0.00000000000000000000
6.36570000000000035811,	 34.54999999999999715783,	 0.39999999999999996669,	 0.50265482457436694297, 1128379.16709551215171813965,	 0.45065192858853558855,	 0.05065192858853562186,	 0.63801713222097344858,	 28.61176027533158716665,	 44.84481502202369540555,	 103795.45702904711652081460,	 104800.98574622688465751708,	 0.00000000000000000000,	 0.00000000000000000000,	 -398.04391972740381788753,	 0.00000000000000000000,	 0.00000000000000000000,	 -19.90219598637019160492,	 0.05000000000000000278,	 0.06680233145410546802,	 0.00000000000000000000,	 0.00000000000000000000
6.36680000000000045901,	 34.54999999999999715783,	 0.39999999999999996669,	 0.50265482457436694297, 1128379.16709551215171813965,	 0.45077656007702210372,	 0.05077656007702213703,	 0.63837007876515239335,	 28.91521358721970003103,	 45.29537731961464430697,	 104085.08712511479097884148,	 105110.92272837791824713349,	 0.00000000000000000000,	 0.00000000000000000000,	 -401.93196657674690186468,	 0.00000000000000000000,	 0.00000000000000000000,	 -20.09659832883734509323,	 0.05000000000000000278,	 0.06746417583226764492,	 0.00000000000000000000,	 0.00000000000000000000
6.36790000000000055991,	 34.54999999999999715783,	 0.39999999999999996669,	 0.50265482457436694297, 1128379.16709551215171813965,	 0.45090318367621579076,	 0.05090318367621582407,	 0.63872876675892753529,	 29.22145682276599387706,	 45.74939840433852822343,	 104377.05215831862005870789,	 105423.55588549806270748377,	 0.00000000000000000000,	 0.00000000000000000000,	 -405.84675434174988595259,	 0.00000000000000000000,	 0.00000000000000000000,	 -20.29233771708749500817,	 0.05000000000000000278,	 0.06813083893415747272,	 0.00000000000000000000,	 0.00000000000000000000
6.36900000000000066080,	 34.54999999999999715783,	 0.39999999999999996669,	 0.50265482457436694297, 1128379.16709551215171813965,	 0.45103171934907176910,	 0.05103171934907180241,	 0.63909297413879428973,	 29.53030424690917499220,	 46.20658564851624561243,	 104671.19753111268801148981,	 105738.72180975951778236777,	 0.00000000000000000000,	 0.00000000000000000000,	 -409.78568616150994330383,	 0.00000000000000000000,	 0.00000000000000000000,	 -20.48928430807550071791,	 0.05000000000000000971,	 0.06880188479460032369,	 0.00000000000000000000,	 0.00000000000000000000
6.37009999999999987352,	 34.54999999999999715783,	 0.39999999999999996669,	 0.50265482457436694297, 1128379.16709551215171813965,	 0.45116208736095714249,	 0.05116208736095717580,	 0.63946247951082701988,	 29.84156974613284774023,	 46.66664691407838461146,	 104967.37289476070145610720,	 106056.26086186233442276716,	 0.00000000000000000000,	 0.00000000000000000000,	 -413.74617434768833845737,	 0.00000000000000000000,	 0.00000000000000000000,	 -20.68730871738441834395,	 0.05000000000000000278,	 0.06947687858261604454,	 0.00000000000000000000,	 0.00000000000000000000
6.37119999999999997442,	 34.54999999999999715783,	 0.39999999999999996669,	 0.50265482457436694297, 1128379.16709551215171813965,	 0.45129420845559758968,	 0.05129420845559762299,	 0.63983706264142936604,	 30.15506700212797497329,	 47.12929081919588014671,	 105265.43241386672889348119,	 106376.01744042690552305430,	 0.00000000000000000000,	 0.00000000000000000000,	 -417.72564270638440575567,	 0.00000000000000000000,	 0.00000000000000000000,	 -20.88628213531922028778,	 0.05000000000000000278,	 0.07015538699512802179,	 0.00000000000000000000,	 0.00000000000000000000
6.37230000000000007532,	 34.54999999999999715783,	 0.39999999999999996669,	 0.50265482457436694297, 1128379.16709551215171813965,	 0.45142800402586286124,	 0.05142800402586289454,	 0.64021650493478121646,	 30.47060966492240297043,	 47.59422699985911719978,	 105565.23497425396635662764,	 106697.84019611102121416479,	 0.00000000000000000000,	 0.00000000000000000000,	 -421.72152879671489245084,	 0.00000000000000000000,	 0.00000000000000000000,	 -21.08607643983574675417,	 0.05000000000000000278,	 0.07083697864159382851,	 0.00000000000000000000,	 0.00000000000000000000
6.37340000000000017621,	 34.54999999999999715783,	 0.39999999999999996669,	 0.50265482457436694297, 1128379.16709551215171813965,	 0.45156339627744535026,	 0.05156339627744538356,	 0.64060058989146417829,	 30.78801152874087065925,	 48.06116637194671881161,	 105866.64434372518735472113,	 107021.58220024115871638060,	 0.00000000000000000000,	 0.00000000000000000000,	 -425.73128617730066025615,	 0.00000000000000000000,	 0.00000000000000000000,	 -21.28656430886503514444,	 0.05000000000000000278,	 0.07152122442798031221,	 0.00000000000000000000,	 0.00000000000000000000
6.37450000000000027711,	 34.54999999999999715783,	 0.39999999999999996669,	 0.50265482457436694297, 1128379.16709551215171813965,	 0.45170030838416125318,	 0.05170030838416128649,	 0.64098910354464622152,	 31.10708671047060036585,	 48.52982139392003801959,	 106169.52929685932758729905,	 107347.10107912222156301141,	 0.00000000000000000000,	 0.00000000000000000000,	 -429.75238664345999950456,	 0.00000000000000000000,	 0.00000000000000000000,	 -21.48761933217300068577,	 0.05000000000000000278,	 0.07220769794041696776,	 0.00000000000000000000,	 0.00000000000000000000
6.37560000000000037801,	 34.54999999999999715783,	 0.39999999999999996669,	 0.50265482457436694297, 1128379.16709551215171813965,	 0.45183866463427008187,	 0.05183866463427011517,	 0.64138183487207300892,	 31.42764982837319109876,	 48.99990632669165080415,	 106473.76371574384393170476,	 107674.25912575612892396748,	 0.00000000000000000000,	 0.00000000000000000000,	 -433.78232242566889453883,	 0.00000000000000000000,	 0.00000000000000000000,	 -21.68911612128344401640,	 0.04999999999999999584,	 0.07289597582348517069,	 0.00000000000000000000,	 0.00000000000000000000
6.37670000000000047891,	 34.54999999999999715783,	 0.39999999999999996669,	 0.50265482457436694297, 1128379.16709551215171813965,	 0.45197839056777561195,	 0.05197839056777564526,	 0.64177857618372491366,	 31.74951617780270396452,	 49.47113748576366276666,	 106779.22667606799222994596,	 108002.92339813565195072442,	 0.00000000000000000000,	 0.00000000000000000000,	 -437.81860830663146089137,	 0.00000000000000000000,	 0.00000000000000000000,	 -21.89093041533157446565,	 0.05000000000000000278,	 0.07358563814590977914,	 0.00000000000000000000,	 0.00000000000000000000
6.37780000000000057980,	 34.54999999999999715783,	 0.39999999999999996669,	 0.50265482457436694297, 1128379.16709551215171813965,	 0.45211941310492265167,	 0.05211941310492268498,	 0.64217912348570027614,	 32.07250190195131978044,	 49.94323348268342499523,	 107085.80251983518246561289,	 108332.96580518809787463397,	 0.00000000000000000000,	 0.00000000000000000000,	 -441.85878363151090297833,	 0.00000000000000000000,	 0.00000000000000000000,	 -22.09293918157554514892,	 0.05000000000000000278,	 0.07427626874931697598,	 0.00000000000000000000,	 0.00000000000000000000
6.37890000000000068070,	 34.54999999999999715783,	 0.39999999999999996669,	 0.50265482457436694297, 1128379.16709551215171813965,	 0.45226166066593576076,	 0.05226166066593579407,	 0.64258327682040394802,	 32.39642415805222697145,	 50.41591545667741769421,	 107393.38090904985438100994,	 108664.26317471727088559419,	 0.00000000000000000000,	 0.00000000000000000000,	 -445.90041421987587000331,	 0.00000000000000000000,	 0.00000000000000000000,	 -22.29502071099379278962,	 0.04999999999999999584,	 0.07496745558141663934,	 0.00000000000000000000,	 0.00000000000000000000
6.37999999999999989342,	 34.54999999999999715783,	 0.39999999999999996669,	 0.50265482457436694297, 1128379.16709551215171813965,	 0.45240506328174628914,	 0.05240506328174632245,	 0.64299084058226574356,	 32.72110128102907111725,	 50.88890729982747984650,	 107701.85685445833951234818,	 108996.69729754356376361102,	 0.00000000000000000000,	 0.00000000000000000000,	 -449.94109421039058815950,	 0.00000000000000000000,	 0.00000000000000000000,	 -22.49705471051953153960,	 0.05000000000000000278,	 0.07565879101871691992,	 0.00000000000000000000,	 0.00000000000000000000
6.38109999999999999432,	 34.54999999999999715783,	 0.39999999999999996669,	 0.50265482457436694297, 1128379.16709551215171813965,	 0.45254955269527163964,	 0.05254955269527167294,	 0.64340162380768550765,	 33.04635294662087829920,	 51.36193587925809111994,	 108011.13071651737845968455,	 109330.15494514988677110523,	 0.00000000000000000000,	 0.00000000000000000000,	 -453.97844787037598734969,	 0.00000000000000000000,	 0.00000000000000000000,	 -22.69892239351879936748,	 0.05000000000000000278,	 0.07634987218405046849,	 0.00000000000000000000,	 0.00000000000000000000
6.38220000000000009521,	 34.54999999999999715783,	 0.39999999999999996669,	 0.50265482457436694297, 1128379.16709551215171813965,	 0.45269506245280477508,	 0.05269506245280480838,	 0.64381544043788052623,	 33.37200033518848130143,	 51.83473125852815854842,	 108321.10817923597642220557,	 109664.52786155790090560913,	 0.00000000000000000000,	 0.00000000000000000000,	 -458.01013139110290239842,	 0.00000000000000000000,	 0.00000000000000000000,	 -22.90050656955514796209,	 0.05000000000000000278,	 0.07704030126229551023,	 0.00000000000000000000,	 0.00000000000000000000
6.38330000000000019611,	 34.54999999999999715783,	 0.39999999999999996669,	 0.50265482457436694297, 1128379.16709551215171813965,	 0.45284152798526378092,	 0.05284152798526381423,	 0.64423210955384713206,	 33.69786629637381025759,	 52.30702691877736754122,	 108631.70020208079949952662,	 109999.71273462164390366524,	 0.00000000000000000000,	 0.00000000000000000000,	 -462.03383467498161962794,	 0.00000000000000000000,	 0.00000000000000000000,	 -23.10169173374908169194,	 0.05000000000000000278,	 0.07772968581521831621,	 0.00000000000000000000,	 0.00000000000000000000
6.38440000000000029701,	 34.54999999999999715783,	 0.39999999999999996669,	 0.50265482457436694297, 1128379.16709551215171813965,	 0.45298888667935033325,	 0.05298888667935036656,	 0.64465145558349501442,	 34.02377551370869923630,	 52.77855997845017554937,	 108942.82295577024342492223,	 110335.61115246967528946698,	 0.00000000000000000000,	 0.00000000000000000000,	 -466.04728310528861356943,	 0.00000000000000000000,	 0.00000000000000000000,	 -23.30236415526443138901,	 0.05000000000000000278,	 0.07841763909377506836,	 0.00000000000000000000,	 0.00000000000000000000
6.38550000000000039790,	 34.54999999999999715783,	 0.39999999999999996669,	 0.50265482457436694297, 1128379.16709551215171813965,	 0.45313707793890217745,	 0.05313707793890221076,	 0.64507330848168575876,	 34.34955466778073684964,	 53.24907140961941109936,	 109254.39774645517172757536,	 110672.12954944853845518082,	 0.00000000000000000000,	 0.00000000000000000000,	 -470.04823928179325776000,	 0.00000000000000000000,	 0.00000000000000000000,	 -23.50241196408966359854,	 0.05000000000000000278,	 0.07910378034500323285,	 0.00000000000000000000,	 0.00000000000000000000
6.38660000000000049880,	 34.54999999999999715783,	 0.39999999999999996669,	 0.50265482457436694297, 1128379.16709551215171813965,	 0.45328604323695892431,	 0.05328604323695895761,	 0.64549750388456927919,	 34.67503259733642551055,	 53.71830625008453807823,	 109566.35093433731526602060,	 111009.17914752625802066177,	 0.00000000000000000000,	 0.00000000000000000000,	 -474.03450471562706525219,	 0.00000000000000000000,	 0.00000000000000000000,	 -23.70172523578135326261,	 0.05000000000000000278,	 0.07978773511232978288,	 0.00000000000000000000,	 0.00000000000000000000
6.38770000000000059970,	 34.54999999999999715783,	 0.39999999999999996669,	 0.50265482457436694297, 1128379.16709551215171813965,	 0.45343572615919630620,	 0.05343572615919633950,	 0.64592388324000371558,	 35.00004045811467534577,	 54.18601381102644864995,	 109878.61385081626940518618,	 111346.67589718064118642360,	 0.00000000000000000000,	 0.00000000000000000000,	 -478.00392148193759567221,	 0.00000000000000000000,	 0.00000000000000000000,	 -23.90019607409687907307,	 0.04999999999999999584,	 0.08046913552901055477,	 0.00000000000000000000,	 0.00000000000000000000
6.38880000000000070060,	 34.54999999999999715783,	 0.39999999999999996669,	 0.50265482457436694297, 1128379.16709551215171813965,	 0.45358607243960608058,	 0.05358607243960611388,	 0.64635229391648252317,	 35.32441188030009016074,	 54.65194788163694994410,	 110191.12271794174739625305,	 111684.54042157033109106123,	 0.00000000000000000000,	 0.00000000000000000000,	 -481.95437384302607597419,	 0.00000000000000000000,	 0.00000000000000000000,	 -24.09771869215130379871,	 0.05000000000000000278,	 0.08114762060682376155,	 0.00000000000000000000,	 0.00000000000000000000
6.38989999999999991331,	 34.54999999999999715783,	 0.39999999999999996669,	 0.50265482457436694297, 1128379.16709551215171813965,	 0.45373702998946657816,	 0.05373702998946661147,	 0.64678258929347065553,	 35.64798312690945181203,	 55.11586693428224492664,	 110503.81858224884490482509,	 112022.69797620759345591068,	 0.00000000000000000000,	 0.00000000000000000000,	 -485.88378987328195535156,	 0.00000000000000000000,	 0.00000000000000000000,	 -24.29418949366409918866,	 0.05000000000000000278,	 0.08182283652529495632,	 0.00000000000000000000,	 0.00000000000000000000
6.39100000000000001421,	 34.54999999999999715783,	 0.39999999999999996669,	 0.50265482457436694297, 1128379.16709551215171813965,	 0.45388854892153729370,	 0.05388854892153732701,	 0.64721462883859903759,	 35.97059326102860410401,	 55.57753434216467525175,	 110816.64730034254898782820,	 112361.07846211979631334543,	 0.00000000000000000000,	 0.00000000000000000000,	 -489.79014319017107936816,	 0.00000000000000000000,	 0.00000000000000000000,	 -24.48950715950855538949,	 0.05000000000000000278,	 0.08249443693911349962,	 0.00000000000000000000,	 0.00000000000000000000
6.39210000000000011511,	 34.54999999999999715783,	 0.39999999999999996669,	 0.50265482457436694297, 1128379.16709551215171813965,	 0.45404058157238458282,	 0.05404058157238461613,	 0.64764827817995418435,	 36.29208432753649304914,	 56.03671861758960659472,	 111129.55953978237812407315,	 112699.61645649583078920841,	 0.00000000000000000000,	 0.00000000000000000000,	 -493.67145486008553234569,	 0.00000000000000000000,	 0.00000000000000000000,	 -24.68357274300428017000,	 0.05000000000000000971,	 0.08316208331555119404,	 0.00000000000000000000,	 0.00000000000000000000
6.39320000000000021600,	 34.54999999999999715783,	 0.39999999999999996669,	 0.50265482457436694297, 1128379.16709551215171813965,	 0.45419308252643664225,	 0.05419308252643667556,	 0.64808340918369955475,	 36.61230160065790073531,	 56.49319374920169423149,	 111442.51095638496917672455,	 113038.25142637739190831780,	 0.00000000000000000000,	 0.00000000000000000000,	 -497.52579616545324370236,	 0.00000000000000000000,	 0.00000000000000000000,	 -24.87628980827266289566,	 0.05000000000000000278,	 0.08382544541784550662,	 0.00000000000000000000,	 0.00000000000000000000
6.39430000000000031690,	 34.54999999999999715783,	 0.39999999999999996669,	 0.50265482457436694297, 1128379.16709551215171813965,	 0.45434600966893406992,	 0.05434600966893410323,	 0.64851990296930717150,	 36.93109287249058780844,	 56.94673780002468532757,	 111755.54834771141759119928,	 113377.01382074379944242537,	 0.00000000000000000000,	 0.00000000000000000000,	 -501.35127491507859076592,	 0.00000000000000000000,	 0.00000000000000000000,	 -25.06756374575392953830,	 0.05000000000000000278,	 0.08448419911187103615,	 0.00000000000000000000,	 0.00000000000000000000
6.39540000000000041780,	 34.54999999999999715783,	 0.39999999999999996669,	 0.50265482457436694297, 1128379.16709551215171813965,	 0.45449931963772849386,	 0.05449931963772852717,	 0.64895763693586860921,	 37.24830611329895191375,	 57.39713040310504510444,	 112068.32990292954491451383,	 113715.54519218506175093353,	 0.00000000000000000000,	 0.00000000000000000000,	 -505.14601825019281022833,	 0.00000000000000000000,	 0.00000000000000000000,	 -25.25730091250964193250,	 0.05000000000000000278,	 0.08513802305978745988,	 0.00000000000000000000,	 0.00000000000000000000
6.39650000000000051870,	 34.54999999999999715783,	 0.39999999999999996669,	 0.50265482457436694297, 1128379.16709551215171813965,	 0.45465297145925437361,	 0.05465297145925440692,	 0.64939649514177055778,	 37.56379178392390372210,	 57.84415540420079793194,	 112381.10170754345017485321,	 114054.07486475611221976578,	 0.00000000000000000000,	 0.00000000000000000000,	 -508.90819183294161121012,	 0.00000000000000000000,	 0.00000000000000000000,	 -25.44540959164708127105,	 0.05000000000000000278,	 0.08578660229729277720,	 0.00000000000000000000,	 0.00000000000000000000
6.39760000000000061959,	 34.54999999999999715783,	 0.39999999999999996669,	 0.50265482457436694297, 1128379.16709551215171813965,	 0.45480692893368634966,	 0.05480692893368638297,	 0.64983637513117442630,	 37.87740677747584783219,	 58.28760627601064214787,	 112693.76259625333477742970,	 114392.48511894694820512086,	 0.00000000000000000000,	 0.00000000000000000000,	 -512.63604459737098295591,	 0.00000000000000000000,	 0.00000000000000000000,	 -25.63180222986854772671,	 0.04999999999999999584,	 0.08642963602026651482,	 0.00000000000000000000,	 0.00000000000000000000
6.39870000000000072049,	 34.54999999999999715783,	 0.39999999999999996669,	 0.50265482457436694297, 1128379.16709551215171813965,	 0.45496115732094127848,	 0.05496115732094131179,	 0.65027717848290578218,	 38.18901184531556936008,	 58.72728293250332143316,	 113006.28499424504116177559,	 114730.73187456218875013292,	 0.00000000000000000000,	 0.00000000000000000000,	 -516.32788415012407767790,	 0.00000000000000000000,	 0.00000000000000000000,	 -25.81639420750620317335,	 0.04999999999999999584,	 0.08706683314906019100,	 0.00000000000000000000,	 0.00000000000000000000
6.39979999999999993321,	 34.54999999999999715783,	 0.39999999999999996669,	 0.50265482457436694297, 1128379.16709551215171813965,	 0.45511562395814197934,	 0.05511562395814201265,	 0.65071881258256891734,	 38.49847117177312583181,	 59.16299087616757645947,	 113318.64576405403204262257,	 115068.77550876078021246940,	 0.00000000000000000000,	 0.00000000000000000000,	 -519.98206839507611221052,	 0.00000000000000000000,	 0.00000000000000000000,	 -25.99910341975380489998,	 0.04999999999999999584,	 0.08769791099026909287,	 0.00000000000000000000,	 0.00000000000000000000
6.40090000000000003411,	 34.54999999999999715783,	 0.39999999999999996669,	 0.50265482457436694297, 1128379.16709551215171813965,	 0.45527029822279263538,	 0.05527029822279266869,	 0.65116119052674725776,	 38.80565245999525814113,	 59.59454129722318782569,	 113630.82487449553445912898,	 115406.57955070876050740480,	 0.00000000000000000000,	 0.00000000000000000000,	 -523.59700626074925366993,	 0.00000000000000000000,	 0.00000000000000000000,	 -26.17985031303746623621,	 0.05000000000000000971,	 0.08832259537161012142,	 0.00000000000000000000,	 0.00000000000000000000
6.40200000000000013500,	 34.54999999999999715783,	 0.39999999999999996669,	 0.50265482457436694297, 1128379.16709551215171813965,	 0.45542515148970025285,	 0.05542515148970028616,	 0.65160423100920483730,	 39.11042698892212143846,	 60.02175113005002771160,	 113942.80532264951034449041,	 115744.11062700834008865058,	 0.00000000000000000000,	 0.00000000000000000000,	 -527.17115805939374695299,	 0.00000000000000000000,	 0.00000000000000000000,	 -26.35855790296968947928,	 0.05000000000000000278,	 0.08894062071402078495,	 0.00000000000000000000,	 0.00000000000000000000
6.40310000000000023590,	 34.54999999999999715783,	 0.39999999999999996669,	 0.50265482457436694297, 1128379.16709551215171813965,	 0.45558015708265375832,	 0.05558015708265379162,	 0.65204785819192301322,	 39.41266966726256271158,	 60.44444310660075103669,	 114254.57292731081543024629,	 116081.33827854436822235584,	 0.00000000000000000000,	 0.00000000000000000000,	 -530.70303582721317070536,	 0.00000000000000000000,	 0.00000000000000000000,	 -26.53515179136066137744,	 0.05000000000000000278,	 0.08955173009992366262,	 0.00000000000000000000,	 0.00000000000000000000
6.40420000000000033680,	 34.54999999999999715783,	 0.39999999999999996669,	 0.50265482457436694297, 1128379.16709551215171813965,	 0.45573529022159009472,	 0.05573529022159012802,	 0.65249200156301456754,	 39.71225908210914923302,	 60.86244580313667995597,	 114566.11613289608794730157,	 116418.23478746596083510667,	 0.00000000000000000000,	 0.00000000000000000000,	 -534.19120361334159952094,	 0.00000000000000000000,	 0.00000000000000000000,	 -26.70956018066707926550,	 0.04999999999999999584,	 0.09015567533221267860,	 0.00000000000000000000,	 0.00000000000000000000
6.40530000000000043769,	 34.54999999999999715783,	 0.39999999999999996669,	 0.50265482457436694297, 1128379.16709551215171813965,	 0.45589052796535634027,	 0.05589052796535637357,	 0.65293659578178386838,	 40.00907754365235291516,	 61.27559368264246586477,	 114877.42584158286626916379,	 116754.77503216301556676626,	 0.00000000000000000000,	 0.00000000000000000000,	 -537.63427773870193959738,	 0.00000000000000000000,	 0.00000000000000000000,	 -26.88171388693509555878,	 0.04999999999999999584,	 0.09075221698748971166,	 0.00000000000000000000,	 0.00000000000000000000
6.40640000000000053859,	 34.54999999999999715783,	 0.39999999999999996669,	 0.50265482457436694297, 1128379.16709551215171813965,	 0.45604584915066065376,	 0.05604584915066068707,	 0.65338158051258810044,	 40.30301111460553187271,	 61.68372711545860909155,	 115188.49517835193546488881,	 117090.93627377912343945354,	 0.00000000000000000000,	 0.00000000000000000000,	 -541.03092687139519512129,	 0.00000000000000000000,	 0.00000000000000000000,	 -27.05154634356975762444,	 0.04999999999999999584,	 0.09134112443767976319,	 0.00000000000000000000,	 0.00000000000000000000
6.40750000000000063949,	 34.54999999999999715783,	 0.39999999999999996669,	 0.50265482457436694297, 1128379.16709551215171813965,	 0.45620123432849551959,	 0.05620123432849555289,	 0.65382690025114575949,	 40.59394965049879999697,	 62.08669241798707361113,	 115499.31936521838360931724,	 117426.69805292124510742724,	 0.00000000000000000000,	 0.00000000000000000000,	 -544.37987226733787338162,	 0.00000000000000000000,	 0.00000000000000000000,	 -27.21899361336689437962,	 0.05000000000000000278,	 0.09192217589897079544,	 0.00000000000000000000,	 0.00000000000000000000
6.40860000000000074039,	 34.54999999999999715783,	 0.39999999999999996669,	 0.50265482457436694297, 1128379.16709551215171813965,	 0.45635666569597488351,	 0.05635666569597491682,	 0.65427250413736315338,	 40.88178680693701494420,	 62.48434184291193815852,	 115809.89544556416512932628,	 117762.04193333510193042457,	 0.00000000000000000000,	 0.00000000000000000000,	 -547.67988759510353702353,	 0.00000000000000000000,	 0.00000000000000000000,	 -27.38399437975517969335,	 0.05000000000000000278,	 0.09249515840975143510,	 0.00000000000000000000,	 0.00000000000000000000
6.40969999999999995310,	 34.54999999999999715783,	 0.39999999999999996669,	 0.50265482457436694297, 1128379.16709551215171813965,	 0.45651212702685545208,	 0.05651212702685548539,	 0.65471834576401666261,	 41.16642007163156335992,	 62.87653360865097340593,	 116120.22220057669619563967,	 118096.95143989659845829010,	 0.00000000000000000000,	 0.00000000000000000000,	 -550.92979911091913436394,	 0.00000000000000000000,	 0.00000000000000000000,	 -27.54648995554595813928,	 0.05000000000000000278,	 0.09305986786714916248,	 0.00000000000000000000,	 0.00000000000000000000
6.41080000000000005400,	 34.54999999999999715783,	 0.39999999999999996669,	 0.50265482457436694297, 1128379.16709551215171813965,	 0.45666760359934044367,	 0.05666760359934047697,	 0.65516438297725765327,	 41.44775076097673860431,	 63.26313187634848844709,	 116430.29984922155563253909,	 118431.41177662368863821030,	 0.00000000000000000000,	 0.00000000000000000000,	 -554.12848538170203482878,	 0.00000000000000000000,	 0.00000000000000000000,	 -27.70642426908510103090,	 0.04999999999999999584,	 0.09361610898657327096,	 0.00000000000000000000,	 0.00000000000000000000
6.41190000000000015490,	 34.54999999999999715783,	 0.39999999999999996669,	 0.50265482457436694297, 1128379.16709551215171813965,	 0.45682308211962291411,	 0.05682308211962294742,	 0.65561057766448582740,	 41.72568401979815888581,	 63.64400673405795316739,	 116740.12991839440655894578,	 118765.40971497682039625943,	 0.00000000000000000000,	 0.00000000000000000000,	 -557.27487708155899781559,	 0.00000000000000000000,	 0.00000000000000000000,	 -27.86374385407795273295,	 0.05000000000000000278,	 0.09416369527278024842,	 0.00000000000000000000,	 0.00000000000000000000
6.41300000000000025580,	 34.54999999999999715783,	 0.39999999999999996669,	 0.50265482457436694297, 1128379.16709551215171813965,	 0.45697855064650660939,	 0.05697855064650664270,	 0.65605689554488000326,	 42.00012882808659497869,	 64.01903419245964244055,	 117049.71508472025743685663,	 119098.93345418792159762233,	 0.00000000000000000000,	 0.00000000000000000000,	 -560.36795689328732805734,	 0.00000000000000000000,	 0.00000000000000000000,	 -28.01839784466437066612,	 0.05000000000000000971,	 0.09470244900834155766,	 0.00000000000000000000,	 0.00000000000000000000
6.41410000000000035669,	 34.54999999999999715783,	 0.39999999999999996669,	 0.50265482457436694297, 1128379.16709551215171813965,	 0.45713399851405156493,	 0.05713399851405159824,	 0.65650330595382677679,	 42.27099798629118510007,	 64.38809614960901228642,	 117359.05894118525611702353,	 119431.97240407089702785015,	 0.00000000000000000000,	 0.00000000000000000000,	 -563.40675914639791699301,	 0.00000000000000000000,	 0.00000000000000000000,	 -28.17033795731989442857,	 0.04999999999999999584,	 0.09523220119694005004,	 0.00000000000000000000,	 0.00000000000000000000
6.41520000000000045759,	 34.54999999999999715783,	 0.39999999999999996669,	 0.50265482457436694297, 1128379.16709551215171813965,	 0.45728941624962188284,	 0.05728941624962191614,	 0.65694978161369033121,	 42.53820808458844027200,	 64.75108033387307671092,	 117668.16580331412842497230,	 119764.51700551596877630800,	 0.00000000000000000000,	 0.00000000000000000000,	 -566.39036927569941326510,	 0.00000000000000000000,	 0.00000000000000000000,	 -28.31951846378497350543,	 0.05000000000000000278,	 0.09575279147537013591,	 0.00000000000000000000,	 0.00000000000000000000
6.41630000000000055849,	 34.54999999999999715783,	 0.39999999999999996669,	 0.50265482457436694297, 1128379.16709551215171813965,	 0.45744479549338806779,	 0.05744479549338810109,	 0.65739629840828861518,	 42.80167949021468842830,	 65.10788027533413924175,	 117977.04056893172673881054,	 120096.55860590534575749189,	 0.00000000000000000000,	 0.00000000000000000000,	 -569.31792353313767307554,	 0.00000000000000000000,	 0.00000000000000000000,	 -28.46589617665688720649,	 0.05000000000000000278,	 0.09626406806799381322,	 0.00000000000000000000,	 0.00000000000000000000
6.41740000000000065938,	 34.54999999999999715783,	 0.39999999999999996669,	 0.50265482457436694297, 1128379.16709551215171813965,	 0.45760012891663964796,	 0.05760012891663968126,	 0.65784283515347630189,	 43.06133631790561366870,	 65.45839525311437512300,	 118285.68852724153839517385,	 120428.08928179800568614155,	 0.00000000000000000000,	 0.00000000000000000000,	 -572.18860849612065067049,	 0.00000000000000000000,	 0.00000000000000000000,	 -28.60943042480603537570,	 0.05000000000000000278,	 0.09676588770619092006,	 0.00000000000000000000,	 0.00000000000000000000
6.41849999999999987210,	 34.54999999999999715783,	 0.39999999999999996669,	 0.50265482457436694297, 1128379.16709551215171813965,	 0.45775541013911014154,	 0.05775541013911017485,	 0.65828937336441228911,	 43.31710639366527715310,	 65.80253023420146973876,	 118594.11518345128570217639,	 120759.10167606278264429420,	 0.00000000000000000000,	 0.00000000000000000000,	 -575.00166050864879707660,	 0.00000000000000000000,	 0.00000000000000000000,	 -28.75008302543243843274,	 0.04999999999999999584,	 0.09725811553584670643,	 0.00000000000000000000,	 0.00000000000000000000
6.41959999999999997300,	 34.54999999999999715783,	 0.39999999999999996669,	 0.50265482457436694297, 1128379.16709551215171813965,	 0.45791063364582540451,	 0.05791063364582543782,	 0.65873589702096713161,	 43.56892121294183084501,	 66.14019580529260622370,	 118902.32608907687244936824,	 121089.58883965809945948422,	 0.00000000000000000000,	 0.00000000000000000000,	 -577.75636506794262459152,	 0.00000000000000000000,	 0.00000000000000000000,	 -28.88781825339713194012,	 0.05000000000000000278,	 0.09774062501507223277,	 0.00000000000000000000,	 0.00000000000000000000
6.42070000000000007390,	 34.54999999999999715783,	 0.39999999999999996669,	 0.50265482457436694297, 1128379.16709551215171813965,	 0.45806579470372255081,	 0.05806579470372258411,	 0.65918239233198483440,	 43.81671589385392451277,	 66.47130809857320343781,	 119210.32667583099100738764,	 121419.54407599871046841145,	 0.00000000000000000000,	 0.00000000000000000000,	 -580.45205616426278538711,	 0.00000000000000000000,	 0.00000000000000000000,	 -29.02260280821314353261,	 0.05000000000000000971,	 0.09821329780348615757,	 0.00000000000000000000,	 0.00000000000000000000
6.42180000000000017479,	 34.54999999999999715783,	 0.39999999999999996669,	 0.50265482457436694297, 1128379.16709551215171813965,	 0.45822088927823417803,	 0.05822088927823421134,	 0.65962884749895001057,	 44.06042912588896598436,	 66.79578871201368883703,	 119518.12209334196813870221,	 121748.96078817195666488260,	 0.00000000000000000000,	 0.00000000000000000000,	 -583.08811557872843422956,	 0.00000000000000000000,	 0.00000000000000000000,	 -29.15440577893642526419,	 0.05000000000000000278,	 0.09867602364389610470,	 0.00000000000000000000,	 0.00000000000000000000
6.42290000000000027569,	 34.54999999999999715783,	 0.39999999999999996669,	 0.50265482457436694297, 1128379.16709551215171813965,	 0.45837591395004928518,	 0.05837591395004931849,	 0.66007525247967735460,	 44.30000311416380753826,	 67.11356462425128199811,	 119825.71705170119821559638,	 122077.83232998797029722482,	 0.00000000000000000000,	 0.00000000000000000000,	 -585.66397213938137156219,	 0.00000000000000000000,	 0.00000000000000000000,	 -29.28319860696907284137,	 0.05000000000000000971,	 0.09912870023645030393,	 0.00000000000000000000,	 0.00000000000000000000
6.42400000000000037659,	 34.54999999999999715783,	 0.39999999999999996669,	 0.50265482457436694297, 1128379.16709551215171813965,	 0.45853086583227953277,	 0.05853086583227956607,	 0.66052159875267668632,	 44.53538351928743566077,	 67.42456810403727729408,	 120133.11566918506287038326,	 122406.15186119303689338267,	 0.00000000000000000000,	 0.00000000000000000000,	 -588.17910093493856038549,	 0.00000000000000000000,	 0.00000000000000000000,	 -29.40895504674692872982,	 0.05000000000000000278,	 0.09957123310519860881,	 0.00000000000000000000,	 0.00000000000000000000
6.42510000000000047748,	 34.54999999999999715783,	 0.39999999999999996669,	 0.50265482457436694297, 1128379.16709551215171813965,	 0.45868574248823784645,	 0.05868574248823787975,	 0.66096787908279530654,	 44.76651939291950554889,	 67.72873661431266611999,	 120440.32132502339663915336,	 122733.91220670886104926467,	 0.00000000000000000000,	 0.00000000000000000000,	 -590.63302248640911784605,	 0.00000000000000000000,	 0.00000000000000000000,	 -29.53165112432045802393,	 0.05000000000000000278,	 0.10000353545712449554,	 0.00000000000000000000,	 0.00000000000000000000
6.42620000000000057838,	 34.54999999999999715783,	 0.39999999999999996669,	 0.50265482457436694297, 1128379.16709551215171813965,	 0.45884054185026951211,	 0.05884054185026954542,	 0.66141408728941342154,	 44.99336311256222842303,	 68.02601271610743083329,	 120747.33653465867973864079,	 123061.10573768468748312443,	 0.00000000000000000000,	 0.00000000000000000000,	 -593.02530192117080787284,	 0.00000000000000000000,	 0.00000000000000000000,	 -29.65126509605854110418,	 0.05000000000000000278,	 0.10042552804125930155,	 0.00000000000000000000,	 0.00000000000000000000
6.42730000000000067928,	 34.54999999999999715783,	 0.39999999999999996669,	 0.50265482457436694297, 1128379.16709551215171813965,	 0.45899526214040026195,	 0.05899526214040029526,	 0.66186021801940198017,	 45.21587031190383498824,	 68.31634396642095907737,	 121054.16279620144632644951,	 123387.72422267061483580619,	 0.00000000000000000000,	 0.00000000000000000000,	 -595.35554809734787795605,	 0.00000000000000000000,	 0.00000000000000000000,	 -29.76777740486739531889,	 0.05000000000000000278,	 0.10083713899914990841,	 0.00000000000000000000,	 0.00000000000000000000
6.42839999999999989200,	 34.54999999999999715783,	 0.39999999999999996669,	 0.50265482457436694297, 1128379.16709551215171813965,	 0.45914990178888731576,	 0.05914990178888734906,	 0.66230626651356705459,	 45.43399978741895495205,	 68.59968278208683045705,	 121360.80041768681257963181,	 123713.75865658828115556389,	 0.00000000000000000000,	 0.00000000000000000000,	 -597.62341243952425884345,	 0.00000000000000000000,	 0.00000000000000000000,	 -29.88117062197621365272,	 0.05000000000000000278,	 0.10123830366578109863,	 0.00000000000000000000,	 0.00000000000000000000
6.42949999999999999289,	 34.54999999999999715783,	 0.39999999999999996669,	 0.50265482457436694297, 1128379.16709551215171813965,	 0.45930445935629349297,	 0.05930445935629352627,	 0.66275222838278213811,	 45.64771342957963184972,	 68.87598634102990047268,	 121667.24845075095072388649,	 124039.19919797581678722054,	 0.00000000000000000000,	 0.00000000000000000000,	 -599.82858810087145684520,	 0.00000000000000000000,	 0.00000000000000000000,	 -29.99142940504357213172,	 0.04999999999999999584,	 0.10162896442574195777,	 0.00000000000000000000,	 0.00000000000000000000
6.43060000000000009379,	 34.54999999999999715783,	 0.39999999999999996669,	 0.50265482457436694297, 1128379.16709551215171813965,	 0.45945893345862059975,	 0.05945893345862063306,	 0.66319809939250073949,	 45.85697615180185948702,	 69.14521648027569256101,	 121973.50459416124795097858,	 124364.03507521333813201636,	 0.00000000000000000000,	 0.00000000000000000000,	 -601.97080909737485399091,	 0.00000000000000000000,	 0.00000000000000000000,	 -30.09854045486874341009,	 0.05000000000000000278,	 0.10200907056463742739,	 0.00000000000000000000,	 0.00000000000000000000
6.43170000000000019469,	 34.54999999999999715783,	 0.39999999999999996669,	 0.50265482457436694297, 1128379.16709551215171813965,	 0.45961332269166760289,	 0.05961332269166763620,	 0.66364387524458923195,	 46.06175578710803364402,	 69.40733954657797255550,	 122279.56497876635694410652,	 124688.25437023333506658673,	 0.00000000000000000000,	 0.00000000000000000000,	 -604.04984903485933500633,	 0.00000000000000000000,	 0.00000000000000000000,	 -30.20249245174296959249,	 0.05000000000000000278,	 0.10237857805105232689,	 0.00000000000000000000,	 0.00000000000000000000
6.43280000000000029559,	 34.54999999999999715783,	 0.39999999999999996669,	 0.50265482457436694297, 1128379.16709551215171813965,	 0.45976762555708960978,	 0.05976762555708964308,	 0.66408955136363789773,	 46.26202300928166266658,	 69.66232628459140130417,	 122585.42416025949933100492,	 125011.84401194994279649109,	 0.00000000000000000000,	 0.00000000000000000000,	 -606.06552016517639458471,	 0.00000000000000000000,	 0.00000000000000000000,	 -30.30327600825882328195,	 0.05000000000000000278,	 0.10273744937410500544,	 0.00000000000000000000,	 0.00000000000000000000
6.43390000000000039648,	 34.54999999999999715783,	 0.39999999999999996669,	 0.50265482457436694297, 1128379.16709551215171813965,	 0.45992184039217537395,	 0.05992184039217540725,	 0.66453512269358250286,	 46.45775124210759798871,	 69.91015170695393976530,	 122891.07495632428617682308,	 125334.78961216894094832242,	 0.00000000000000000000,	 0.00000000000000000000,	 -608.01767228398239240050,	 0.00000000000000000000,	 0.00000000000000000000,	 -30.40088361419912388328,	 0.05000000000000000971,	 0.10308565335424012266,	 0.00000000000000000000,	 0.00000000000000000000
6.43500000000000049738,	 34.54999999999999715783,	 0.39999999999999996669,	 0.50265482457436694297, 1128379.16709551215171813965,	 0.46007596529994126966,	 0.06007596529994130297,	 0.66498058349483857299,	 46.64891656709532696823,	 70.15079496295909677883,	 123196.50838541983102913946,	 125657.07540238738874904811,	 0.00000000000000000000,	 0.00000000000000000000,	 -609.90619161968265871110,	 0.00000000000000000000,	 0.00000000000000000000,	 -30.49530958098413435664,	 0.05000000000000000278,	 0.10342316495223835560,	 0.00000000000000000000,	 0.00000000000000000000
6.43610000000000059828,	 34.54999999999999715783,	 0.39999999999999996669,	 0.50265482457436694297, 1128379.16709551215171813965,	 0.46022999808216691342,	 0.06022999808216694673,	 0.66542592714953341382,	 46.83549762908528180105,	 70.38423920407370815155,	 123501.71355901384958997369,	 125978.68412318198534194380,	 0.00000000000000000000,	 0.00000000000000000000,	 -611.73099969470217729395,	 0.00000000000000000000,	 0.00000000000000000000,	 -30.58654998473511099633,	 0.05000000000000000278,	 0.10374996507355928321,	 0.00000000000000000000,	 0.00000000000000000000
6.43720000000000069917,	 34.54999999999999715783,	 0.39999999999999996669,	 0.50265482457436694297, 1128379.16709551215171813965,	 0.46038393617437611827,	 0.06038393617437615157,	 0.66587114597198260313,	 47.01747554077695667729,	 70.61047144811298892364,	 123806.67760516513953916728,	 126299.59694422752363607287,	 0.00000000000000000000,	 0.00000000000000000000,	 -613.49205217593350880634,	 0.00000000000000000000,	 0.00000000000000000000,	 -30.67460260879667544032,	 0.05000000000000000278,	 0.10406604037078211189,	 0.00000000000000000000,	 0.00000000000000000000
6.43829999999999991189,	 34.54999999999999715783,	 0.39999999999999996669,	 0.50265482457436694297, 1128379.16709551215171813965,	 0.46053777658317157639,	 0.06053777658317160970,	 0.66631623102560044725,	 47.19483378469472256711,	 70.82948243966978907338,	 124111.38559158766292966902,	 126619.79338292340980842710,	 0.00000000000000000000,	 0.00000000000000000000,	 -615.18933769271995970485,	 0.00000000000000000000,	 0.00000000000000000000,	 -30.75946688463600153796,	 0.05000000000000000278,	 0.10437138304053775184,	 0.00000000000000000000,	 0.00000000000000000000
6.43940000000000001279,	 34.54999999999999715783,	 0.39999999999999996669,	 0.50265482457436694297, 1128379.16709551215171813965,	 0.46069151582602729800,	 0.06069151582602733130,	 0.66676117194656736586,	 47.36755811367097379616,	 71.04126650834265888079,	 124415.82045765257498715073,	 126939.25123120726493652910,	 0.00000000000000000000,	 0.00000000000000000000,	 -616.82287663548152067960,	 0.00000000000000000000,	 0.00000000000000000000,	 -30.84114383177407603398,	 0.05000000000000000278,	 0.10466599061718163954,	 0.00000000000000000000,	 0.00000000000000000000
6.44050000000000011369,	 34.54999999999999715783,	 0.39999999999999996669,	 0.50265482457436694297, 1128379.16709551215171813965,	 0.46084514987363400795,	 0.06084514987363404126,	 0.66720595677454386241,	 47.53563644983568536873,	 71.24582142467066603331,	 124719.96295273322903085500,	 127257.94648797126137651503,	 0.00000000000000000000,	 0.00000000000000000000,	 -618.39271993385727910209,	 0.00000000000000000000,	 0.00000000000000000000,	 -30.91963599669286821836,	 0.05000000000000000971,	 0.10494986576304420056,	 0.00000000000000000000,	 0.00000000000000000000
6.44160000000000021458,	 34.54999999999999715783,	 0.39999999999999996669,	 0.50265482457436694297, 1128379.16709551215171813965,	 0.46099867409492845116,	 0.06099867409492848447,	 0.66765057179083076022,	 47.69905878283318401145,	 71.44314825476836006146,	 125023.79158182699757162482,	 127575.85329810340772382915,	 0.00000000000000000000,	 0.00000000000000000000,	 -619.89894782262945227558,	 0.00000000000000000000,	 0.00000000000000000000,	 -30.99494739113147190324,	 0.04999999999999999584,	 0.10522301605669152902,	 0.00000000000000000000,	 0.00000000000000000000
6.44270000000000031548,	 34.54999999999999715783,	 0.39999999999999996669,	 0.50265482457436694297, 1128379.16709551215171813965,	 0.46115208320492662164,	 0.06115208320492665495,	 0.66809500136434318840,	 47.85781706807141233639,	 71.63325121478094104077,	 125327.28255958718364126980,	 127892.94389938714448362589,	 0.00000000000000000000,	 0.00000000000000000000,	 -621.34166860478933358536,	 0.00000000000000000000,	 0.00000000000000000000,	 -31.06708343023947094252,	 0.05000000000000000971,	 0.10548545378081526647,	 0.00000000000000000000,	 0.00000000000000000000
6.44380000000000041638,	 34.54999999999999715783,	 0.39999999999999996669,	 0.50265482457436694297, 1128379.16709551215171813965,	 0.46130537121545722723,	 0.06130537121545726054,	 0.66853922780569730033,	 48.01190512546465782862,	 71.81613752576794240667,	 125630.40977184192161075771,	 128209.18857640192436520010,	 0.00000000000000000000,	 0.00000000000000000000,	 -622.72101741668643626326,	 0.00000000000000000000,	 0.00000000000000000000,	 -31.13605087083432465533,	 0.05000000000000000278,	 0.10573719571061890310,	 0.00000000000000000000,	 0.00000000000000000000
6.44490000000000051728,	 34.54999999999999715783,	 0.39999999999999996669,	 0.50265482457436694297, 1128379.16709551215171813965,	 0.46145853138886783196,	 0.06145853138886786526,	 0.66898323122963843090,	 48.16131853897309156309,	 71.99181726939431769097,	 125933.14474363792396616191,	 128524.55562051285232882947,	 0.00000000000000000000,	 0.00000000000000000000,	 -624.03715499824465950951,	 0.00000000000000000000,	 0.00000000000000000000,	 -31.20185774991223226493,	 0.04999999999999999584,	 0.10597826290323211773,	 0.00000000000000000000,	 0.00000000000000000000
6.44600000000000061817,	 34.54999999999999715783,	 0.39999999999999996669,	 0.50265482457436694297, 1128379.16709551215171813965,	 0.46161155619471944123,	 0.06161155619471947453,	 0.66942698942588341193,	 48.30605455695890526613,	 72.16030324440210108605,	 126235.45661292127624619752,	 128839.01129508331359829754,	 0.00000000000000000000,	 0.00000000000000000000,	 -625.29026646779243492347,	 0.00000000000000000000,	 0.00000000000000000000,	 -31.26451332338962174617,	 0.05000000000000000278,	 0.10620868048809488371,	 0.00000000000000000000,	 0.00000000000000000000
6.44710000000000071907,	 34.54999999999999715783,	 0.39999999999999996669,	 0.50265482457436694297, 1128379.16709551215171813965,	 0.46176443726943622314,	 0.06176443726943625645,	 0.66987047773829799802,	 48.44611199313568050684,	 72.32161082349175273976,	 126537.31210896103584673256,	 129152.51980501333309803158,	 0.00000000000000000000,	 0.00000000000000000000,	 -626.48056009815752531722,	 0.00000000000000000000,	 0.00000000000000000000,	 -31.32402800490788052912,	 0.05000000000000000971,	 0.10642847745775343982,	 0.00000000000000000000,	 0.00000000000000000000
6.44819999999999993179,	 34.54999999999999715783,	 0.39999999999999996669,	 0.50265482457436694297, 1128379.16709551215171813965,	 0.46191716537884514038,	 0.06191716537884517368,	 0.67031366895224231417,	 48.58149112782523815213,	 72.47575781016411156088,	 126838.67553498613415285945,	 129465.04327006491075735539,	 0.00000000000000000000,	 0.00000000000000000000,	 -627.60826609006858234352,	 0.00000000000000000000,	 0.00000000000000000000,	 -31.38041330450343480152,	 0.05000000000000000971,	 0.10663768645840088212,	 0.00000000000000000000,	 0.00000000000000000000
6.44930000000000003268,	 34.54999999999999715783,	 0.39999999999999996669,	 0.50265482457436694297, 1128379.16709551215171813965,	 0.46206973038353216232,	 0.06206973038353219563,	 0.67075653318989691964,	 48.71219360933208974984,	 72.62276429522491127955,	 127139.50875503073621075600,	 129776.54170197063649538904,	 0.00000000000000000000,	 0.00000000000000000000,	 -628.67363534023979809717,	 0.00000000000000000000,	 0.00000000000000000000,	 -31.43368176701198990486,	 0.05000000000000000278,	 0.10683634357972060513,	 0.00000000000000000000,	 0.00000000000000000000
6.45040000000000013358,	 34.54999999999999715783,	 0.39999999999999996669,	 0.50265482457436694297, 1128379.16709551215171813965,	 0.46222212120696903881,	 0.06222212120696907212,	 0.67119903781345280347,	 48.83822235545021328562,	 72.76265251295529878917,	 127439.77118552385945804417,	 130086.97298588439298328012,	 0.00000000000000000000,	 0.00000000000000000000,	 -629.67693820412716831925,	 0.00000000000000000000,	 0.00000000000000000000,	 -31.48384691020635983705,	 0.05000000000000000278,	 0.10702448814403242583,	 0.00000000000000000000,	 0.00000000000000000000
6.45150000000000023448,	 34.54999999999999715783,	 0.39999999999999996669,	 0.50265482457436694297, 1128379.16709551215171813965,	 0.46237432580639886703,	 0.06237432580639890034,	 0.67164114733615443154,	 48.95958145534935113119,	 72.89544669729001213909,	 127739.41979244982940144837,	 130396.29286704855621792376,	 0.00000000000000000000,	 0.00000000000000000000,	 -630.61846325621570485964,	 0.00000000000000000000,	 0.00000000000000000000,	 -31.53092316281078666407,	 0.05000000000000000278,	 0.10720216249523657759,	 0.00000000000000000000,	 0.00000000000000000000
6.45260000000000033538,	 34.54999999999999715783,	 0.39999999999999996669,	 0.50265482457436694297, 1128379.16709551215171813965,	 0.46252633114651886537,	 0.06252633114651889867,	 0.67208282334132940505,	 49.07627607231737698612,	 73.02117293867084413250,	 128038.40909514763916376978,	 130704.45494381728349253535,	 0.00000000000000000000,	 0.00000000000000000000,	 -631.49851605347180338867,	 0.00000000000000000000,	 0.00000000000000000000,	 -31.57492580267359372215,	 0.05000000000000000278,	 0.10736941178852406342,	 0.00000000000000000000,	 0.00000000000000000000
6.45370000000000043627,	 34.54999999999999715783,	 0.39999999999999996669,	 0.50265482457436694297, 1128379.16709551215171813965,	 0.46267812317604717354,	 0.06267812317604720684,	 0.67252402440967795627,	 49.18831234798381046858,	 73.13985904244816538267,	 128336.69117782589455600828,	 131011.41066820049309171736,	 0.00000000000000000000,	 0.00000000000000000000,	 -632.31741790928583668574,	 0.00000000000000000000,	 0.00000000000000000000,	 -31.61587089546429396592,	 0.05000000000000000278,	 0.10752628378211763482,	 0.00000000000000000000,	 0.00000000000000000000
6.45480000000000053717,	 34.54999999999999715783,	 0.39999999999999996669,	 0.50265482457436694297, 1128379.16709551215171813965,	 0.46282968680729147382,	 0.06282968680729150712,	 0.67296470605518954322,	 49.29569730863683929556,	 73.25153438967141994453,	 128634.21570934660849161446,	 131317.10935456721927039325,	 0.00000000000000000000,	 0.00000000000000000000,	 -633.07550468491183437436,	 0.00000000000000000000,	 0.00000000000000000000,	 -31.65377523424559669252,	 0.05000000000000000971,	 0.10767282863225687006,	 0.00000000000000000000,	 0.00000000000000000000
6.45590000000000063807,	 34.54999999999999715783,	 0.39999999999999996669,	 0.50265482457436694297, 1128379.16709551215171813965,	 0.46298100589883023348,	 0.06298100589883026679,	 0.67340482067002838118,	 49.39843877404904759487,	 73.35622980081771515870,	 128930.92997086112154647708,	 131621.49819615631713531911,	 0.00000000000000000000,	 0.00000000000000000000,	 -633.77312560288817167020,	 0.00000000000000000000,	 0.00000000000000000000,	 -31.68865628014441071514,	 0.05000000000000000278,	 0.10780909869221150243,	 0.00000000000000000000,	 0.00000000000000000000
6.45700000000000073896,	 34.54999999999999715783,	 0.39999999999999996669,	 0.50265482457436694297, 1128379.16709551215171813965,	 0.46313206324137351499,	 0.06313206324137354830,	 0.67384431747861361917,	 49.49654526899443141019,	 73.45397740267409858461,	 129226.77889043260074686259,	 131924.52228856887086294591,	 0.00000000000000000000,	 0.00000000000000000000,	 -634.41064208410557512252,	 0.00000000000000000000,	 0.00000000000000000000,	 -31.72053210420527946667,	 0.05000000000000000278,	 0.10793514831562270317,	 0.00000000000000000000,	 0.00000000000000000000
6.45809999999999995168,	 34.54999999999999715783,	 0.39999999999999996669,	 0.50265482457436694297, 1128379.16709551215171813965,	 0.46328284054681256876,	 0.06328284054681260207,	 0.67428314250094145699,	 49.59002593744862963376,	 73.54481049832769201657,	 129521.70508376511861570179,	 132226.12465938259265385568,	 0.00000000000000000000,	 0.00000000000000000000,	 -634.98842660801142301352,	 0.00000000000000000000,	 0.00000000000000000000,	 -31.74942133040057257176,	 0.05000000000000000278,	 0.10805103366409489485,	 0.00000000000000000000,	 0.00000000000000000000
6.45920000000000005258,	 34.54999999999999715783,	 0.39999999999999996669,	 0.50265482457436694297, 1128379.16709551215171813965,	 0.46343331844042739975,	 0.06343331844042743306,	 0.67472123852508647524,	 49.67889045939755732206,	 73.62876344013361062935,	 129815.64890003416803665459,	 132526.24630289574270136654,	 0.00000000000000000000,	 0.00000000000000000000,	 -635.50686159478902936826,	 0.00000000000000000000,	 0.00000000000000000000,	 -31.77534307973945360004,	 0.05000000000000000278,	 0.10815681251884283476,	 0.00000000000000000000,	 0.00000000000000000000
6.46030000000000015348,	 34.54999999999999715783,	 0.39999999999999996669,	 0.50265482457436694297, 1128379.16709551215171813965,	 0.46358347645621578170,	 0.06358347645621581501,	 0.67515854508880357443,	 49.76314897045526919328,	 73.70587150594371905754,	 130108.54847335629165172577,	 132824.82622058162814937532,	 0.00000000000000000000,	 0.00000000000000000000,	 -635.96633831193128116865,	 0.00000000000000000000,	 0.00000000000000000000,	 -31.79831691559656547952,	 0.05000000000000000278,	 0.10825254409680719336,	 0.00000000000000000000,	 0.00000000000000000000
6.46140000000000025437,	 34.54999999999999715783,	 0.39999999999999996669,	 0.50265482457436694297, 1128379.16709551215171813965,	 0.46373329303531857226,	 0.06373329303531860557,	 0.67559499847017812080,	 49.84281198450225502938,	 73.77617077889364338716,	 130400.33978008954727556556,	 133121.80146748779225163162,	 0.00000000000000000000,	 0.00000000000000000000,	 -636.36725580774509580806,	 0.00000000000000000000,	 0.00000000000000000000,	 -31.81836279038725834312,	 0.05000000000000000278,	 0.10833828887167283594,	 0.00000000000000000000,	 0.00000000000000000000
6.46250000000000035527,	 34.54999999999999715783,	 0.39999999999999996669,	 0.50265482457436694297, 1128379.16709551215171813965,	 0.46388274552758290703,	 0.06388274552758294034,	 0.67603053168747673229,	 49.91789032011513427278,	 73.83969803185125613254,	 130690.95670349239662755281,	 133417.10720620988286100328,	 0.00000000000000000000,	 0.00000000000000000000,	 -636.71001988118291592400,	 0.00000000000000000000,	 0.00000000000000000000,	 -31.83550099405914579620,	 0.05000000000000000278,	 0.10841410840139831251,	 0.00000000000000000000,	 0.00000000000000000000
6.46360000000000045617,	 34.54999999999999715783,	 0.39999999999999996669,	 0.50265482457436694297, 1128379.16709551215171813965,	 0.46403181019632022686,	 0.06403181019632026016,	 0.67646507450838577746,	 49.98839503138317752473,	 73.89649061736371038478,	 130980.33110603001841809601,	 133710.67676881107036024332,	 0.00000000000000000000,	 0.00000000000000000000,	 -636.99504209506642382621,	 0.00000000000000000000,	 0.00000000000000000000,	 -31.84975210475332474402,	 0.05000000000000000278,	 0.10848006516347288852,	 0.00000000000000000000,	 0.00000000000000000000
6.46470000000000055707,	 34.54999999999999715783,	 0.39999999999999996669,	 0.50265482457436694297, 1128379.16709551215171813965,	 0.46418046222639974818,	 0.06418046222639978149,	 0.67689855346907601419,	 50.05433734432278214399,	 73.94658636482003544188,	 131268.39291172532830387354,	 134002.44172923022415488958,	 0.00000000000000000000,	 0.00000000000000000000,	 -637.22273884723108494654,	 0.00000000000000000000,	 0.00000000000000000000,	 -31.86113694236155780004,	 0.05000000000000000278,	 0.10853622240039723090,	 0.00000000000000000000,	 0.00000000000000000000
6.46580000000000065796,	 34.54999999999999715783,	 0.39999999999999996669,	 0.50265482457436694297, 1128379.16709551215171813965,	 0.46432867573582670140,	 0.06432867573582673471,	 0.67733089190355666442,	 50.11572859956112324653,	 73.99002348573962706269,	 131555.07019729239982552826,	 134292.33198500255821272731,	 0.00000000000000000000,	 0.00000000000000000000,	 -637.39353050712907133857,	 0.00000000000000000000,	 0.00000000000000000000,	 -31.86967652535645711964,	 0.05000000000000000278,	 0.10858264397669753487,	 0.00000000000000000000,	 0.00000000000000000000
6.46689999999999987068,	 34.54999999999999715783,	 0.39999999999999996669,	 0.50265482457436694297, 1128379.16709551215171813965,	 0.46447642379082337838,	 0.06447642379082341169,	 0.67776200998339786175,	 50.17258020122023509657,	 74.02684048704536223795,	 131840.28928858716972172260,	 134580.27584483439568430185,	 0.00000000000000000000,	 0.00000000000000000000,	 -637.50784061654144352360,	 0.00000000000000000000,	 0.00000000000000000000,	 -31.87539203082707572889,	 0.05000000000000000278,	 0.10861939424725387815,	 0.00000000000000000000,	 0.00000000000000000000
6.46799999999999997158,	 34.54999999999999715783,	 0.39999999999999996669,	 0.50265482457436694297, 1128379.16709551215171813965,	 0.46462367842413987429,	 0.06462367842413990759,	 0.67819182476705497375,	 50.22490357043199793452,	 74.05707609006230995874,	 132123.97485452349064871669,	 134866.20011402812087908387,	 0.00000000000000000000,	 0.00000000000000000000,	 -637.56609513523767418519,	 0.00000000000000000000,	 0.00000000000000000000,	 -31.87830475676188868306,	 0.05000000000000000971,	 0.10864653793365232348,	 0.00000000000000000000,	 0.00000000000000000000
6.46910000000000007248,	 34.54999999999999715783,	 0.39999999999999996669,	 0.50265482457436694297, 1128379.16709551215171813965,	 0.46477041065599250524,	 0.06477041065599253855,	 0.67862025025705885461,	 50.27271010078528945542,	 74.08076915143951168830,	 132406.04999261727789416909,	 135150.03017165171331726015,	 0.00000000000000000000,	 0.00000000000000000000,	 -637.56872169964026397793,	 0.00000000000000000000,	 0.00000000000000000000,	 -31.87843608498201675161,	 0.05000000000000000278,	 0.10866414000304960852,	 0.00000000000000000000,	 0.00000000000000000000
6.47020000000000017337,	 34.54999999999999715783,	 0.39999999999999996669,	 0.50265482457436694297, 1128379.16709551215171813965,	 0.46491659051690842341,	 0.06491659051690845672,	 0.67904719746299113670,	 50.31601111500473422211,	 74.09795858519395039821,	 132686.43630431959172710776,	 135431.69003756614984013140,	 0.00000000000000000000,	 0.00000000000000000000,	 -637.51614888863889518689,	 0.00000000000000000000,	 0.00000000000000000000,	 -31.87580744443194546989,	 0.05000000000000000278,	 0.10867226554846311226,	 0.00000000000000000000,	 0.00000000000000000000
6.47130000000000027427,	 34.54999999999999715783,	 0.39999999999999996669,	 0.50265482457436694297, 1128379.16709551215171813965,	 0.46506218707199242779,	 0.06506218707199246110,	 0.67947257446884379295,	 50.35481782299850550544,	 74.10868328624123080317,	 132965.05396941176149994135,	 135711.10243862197967246175,	 0.00000000000000000000,	 0.00000000000000000000,	 -637.40880550040583329974,	 0.00000000000000000000,	 0.00000000000000000000,	 -31.87044027502028953336,	 0.04999999999999999584,	 0.10867097967108206580,	 0.00000000000000000000,	 0.00000000000000000000
6.47240000000000037517,	 34.54999999999999715783,	 0.39999999999999996669,	 0.50265482457436694297, 1128379.16709551215171813965,	 0.46520716844675075174,	 0.06520716844675078505,	 0.67989628650517308639,	 50.38914128016121196652,	 74.11298205373830683129,	 133241.82182850159006193280,	 135988.18888295046053826809,	 0.00000000000000000000,	 0.00000000000000000000,	 -637.24711982568283019646,	 0.00000000000000000000,	 0.00000000000000000000,	 -31.86235599128414364145,	 0.05000000000000000278,	 0.10866034736213260603,	 0.00000000000000000000,	 0.00000000000000000000
6.47350000000000047606,	 34.54999999999999715783,	 0.39999999999999996669,	 0.50265482457436694297, 1128379.16709551215171813965,	 0.46535150185457863081,	 0.06535150185457866412,	 0.68031823602637253590,	 50.41899234697668674698,	 74.11089351575488137769,	 133516.65746806203969754279,	 136262.86973691382445394993,	 0.00000000000000000000,	 0.00000000000000000000,	 -637.03151893051699516946,	 0.00000000000000000000,	 0.00000000000000000000,	 -31.85157594652585189010,	 0.05000000000000000278,	 0.10864043338651493964,	 0.00000000000000000000,	 0.00000000000000000000
6.47460000000000057696,	 34.54999999999999715783,	 0.39999999999999996669,	 0.50265482457436694297, 1128379.16709551215171813965,	 0.46549515362585891509,	 0.06549515362585894840,	 0.68073832279292967318,	 50.44438164985628958448,	 74.10245605520391620757,	 133789.47730817369301803410,	 136535.06430488041951321065,	 0.00000000000000000000,	 0.00000000000000000000,	 -636.76242794797099122661,	 0.00000000000000000000,	 0.00000000000000000000,	 -31.83812139739854885079,	 0.04999999999999999584,	 0.10861130216812092675,	 0.00000000000000000000,	 0.00000000000000000000
6.47570000000000067786,	 34.54999999999999715783,	 0.39999999999999996669,	 0.50265482457436694297, 1128379.16709551215171813965,	 0.46563808923858240885,	 0.06563808923858244215,	 0.68115644395841312697,	 50.46531954277381970542,	 74.08770773642551432658,	 134060.19668864586856216192,	 136804.69090746485744602978,	 0.00000000000000000000,	 0.00000000000000000000,	 -636.44026937379396713368,	 0.00000000000000000000,	 0.00000000000000000000,	 -31.82201346868969693560,	 0.04999999999999999584,	 0.10857301767596033715,	 0.00000000000000000000,	 0.00000000000000000000
6.47679999999999989058,	 34.54999999999999715783,	 0.39999999999999996669,	 0.50265482457436694297, 1128379.16709551215171813965,	 0.46578027335000610210,	 0.06578027335000613540,	 0.68157249415979426210,	 50.48181607095933998153,	 74.06668623444171828396,	 134328.72994457717868499458,	 137071.66694945280323736370,	 0.00000000000000000000,	 0.00000000000000000000,	 -636.06546238410589921841,	 0.00000000000000000000,	 0.00000000000000000000,	 -31.80327311920529353984,	 0.04999999999999999584,	 0.10852564331411342080,	 0.00000000000000000000,	 0.00000000000000000000
6.47789999999999999147,	 34.54999999999999715783,	 0.39999999999999996669,	 0.50265482457436694297, 1128379.16709551215171813965,	 0.46592166982870386605,	 0.06592166982870389935,	 0.68198636560921965799,	 50.49388093678373223838,	 74.03942876728548583287,	 134594.99047097587026655674,	 137335.90897706884425133467,	 0.00000000000000000000,	 0.00000000000000000000,	 -635.63842217947126300714,	 0.00000000000000000000,	 0.00000000000000000000,	 -31.78192110897356315036,	 0.05000000000000000278,	 0.10846924181617885463,	 0.00000000000000000000,	 0.00000000000000000000
6.47900000000000009237,	 34.54999999999999715783,	 0.39999999999999996669,	 0.50265482457436694297, 1128379.16709551215171813965,	 0.46606224178614119591,	 0.06606224178614122922,	 0.68239794818469823312,	 50.50152346926174118380,	 74.00597203377429877946,	 134858.89077111345250159502,	 137597.33271944534499198198,	 0.00000000000000000000,	 0.00000000000000000000,	 -635.15955937690318933164,	 0.00000000000000000000,	 0.00000000000000000000,	 -31.75797796884516444038,	 0.05000000000000000971,	 0.10840387514779109557,	 0.00000000000000000000,	 0.00000000000000000000
6.48010000000000019327,	 34.54999999999999715783,	 0.39999999999999996669,	 0.50265482457436694297, 1128379.16709551215171813965,	 0.46620195160195282424,	 0.06620195160195285755,	 0.68280712950265065597,	 50.50475260250046005694,	 73.96635216636882148578,	 135120.34212061652215197682,	 137855.85274701617890968919,	 0.00000000000000000000,	 0.00000000000000000000,	 -634.62927954039901123906,	 0.00000000000000000000,	 0.00000000000000000000,	 -31.73146397701995624629,	 0.05000000000000000971,	 0.10832960443199968203,	 0.00000000000000000000,	 0.00000000000000000000
6.48120000000000029416,	 34.54999999999999715783,	 0.39999999999999996669,	 0.50265482457436694297, 1128379.16709551215171813965,	 0.46634076070708607720,	 0.06634076070708611050,	 0.68321379428126038924,	 50.50357664570898919010,	 73.92060445565016379987,	 135379.22583560380735434592,	 138111.35371714815846644342,	 0.00000000000000000000,	 0.00000000000000000000,	 -634.04798108206125561992,	 0.00000000000000000000,	 0.00000000000000000000,	 -31.70239905410306846534,	 0.05000000000000000971,	 0.10824648956833500535,	 0.00000000000000000000,	 0.00000000000000000000
6.48230000000000039506,	 34.54999999999999715783,	 0.39999999999999996669,	 0.50265482457436694297, 1128379.16709551215171813965,	 0.46647862807480278136,	 0.06647862807480281466,	 0.68361781991561398897,	 50.49800302880934310679,	 73.86876344891481949162,	 135635.48744299908867105842,	 138363.78454973496263846755,	 0.00000000000000000000,	 0.00000000000000000000,	 -633.41605812705745393032,	 0.00000000000000000000,	 0.00000000000000000000,	 -31.67080290635287553869,	 0.05000000000000000278,	 0.10815458954955597948,	 0.00000000000000000000,	 0.00000000000000000000
6.48340000000000049596,	 34.54999999999999715783,	 0.39999999999999996669,	 0.50265482457436694297, 1128379.16709551215171813965,	 0.46661551659651301360,	 0.06661551659651304691,	 0.68401909516223580177,	 50.48803852979651196620,	 73.81086125647084372758,	 135889.05733112469897605479,	 138613.07895083568291738629,	 0.00000000000000000000,	 0.00000000000000000000,	 -632.73387730306285448023,	 0.00000000000000000000,	 0.00000000000000000000,	 -31.63669386515314485564,	 0.05000000000000000278,	 0.10805395924014681019,	 0.00000000000000000000,	 0.00000000000000000000
6.48450000000000059686,	 34.54999999999999715783,	 0.39999999999999996669,	 0.50265482457436694297, 1128379.16709551215171813965,	 0.46675138632840407205,	 0.06675138632840410535,	 0.68441750035277748587,	 50.47369004168900374907,	 73.74693080710640913367,	 136139.82314458471955731511,	 138859.12804631880135275424,	 0.00000000000000000000,	 0.00000000000000000000,	 -632.00181481812160200207,	 0.00000000000000000000,	 0.00000000000000000000,	 -31.60009074090608294227,	 0.05000000000000000278,	 0.10794465492482445412,	 0.00000000000000000000,	 0.00000000000000000000
6.48560000000000069775,	 34.54999999999999715783,	 0.39999999999999996669,	 0.50265482457436694297, 1128379.16709551215171813965,	 0.46688619671057529636,	 0.06688619671057532967,	 0.68481291389424125970,	 50.45496390743181081007,	 73.67700416237155991439,	 136387.69435689263627864420,	 139101.84482806368032470345,	 0.00000000000000000000,	 0.00000000000000000000,	 -631.22023894867254512064,	 0.00000000000000000000,	 0.00000000000000000000,	 -31.56101194743363080875,	 0.05000000000000000278,	 0.10782673157941231878,	 0.00000000000000000000,	 0.00000000000000000000
6.48669999999999991047,	 34.54999999999999715783,	 0.39999999999999996669,	 0.50265482457436694297, 1128379.16709551215171813965,	 0.46701990671001025746,	 0.06701990671001029076,	 0.68520521268853196162,	 50.43186600639516115052,	 73.60111259007534556531,	 136632.58076733935740776360,	 139341.14265458783484064043,	 0.00000000000000000000,	 0.00000000000000000000,	 -630.38951044780174015614,	 0.00000000000000000000,	 0.00000000000000000000,	 -31.51947552239008842889,	 0.05000000000000000278,	 0.10770024295941856007,	 0.00000000000000000000,	 0.00000000000000000000
6.48780000000000001137,	 34.54999999999999715783,	 0.39999999999999996669,	 0.50265482457436694297, 1128379.16709551215171813965,	 0.46715247485781241643,	 0.06715247485781244974,	 0.68559427224253166600,	 50.40440171208628328259,	 73.51928648297622714836,	 136874.39204199734376743436,	 139576.93478448031237348914,	 0.00000000000000000000,	 0.00000000000000000000,	 -629.50998177075575767958,	 0.00000000000000000000,	 0.00000000000000000000,	 -31.47549908853778788398,	 0.05000000000000000278,	 0.10756524147429939731,	 0.00000000000000000000,	 0.00000000000000000000
6.48890000000000011227,	 34.54999999999999715783,	 0.39999999999999996669,	 0.50265482457436694297, 1128379.16709551215171813965,	 0.46728385928702897978,	 0.06728385928702901309,	 0.68597996678024375505,	 50.37257586567041300896,	 73.43155530051718926643,	 137113.03773010606528259814,	 139809.13438703253632411361,	 0.00000000000000000000,	 0.00000000000000000000,	 -628.58199649829441568727,	 0.00000000000000000000,	 0.00000000000000000000,	 -31.42909982491472575816,	 0.05000000000000000971,	 0.10742177809547516498,	 0.00000000000000000000,	 0.00000000000000000000
6.49000000000000021316,	 34.54999999999999715783,	 0.39999999999999996669,	 0.50265482457436694297, 1128379.16709551215171813965,	 0.46741401776256419343,	 0.06741401776256422673,	 0.68636216933204430291,	 50.33639269867705223760,	 73.33794743912467595237,	 137348.42712825359194539487,	 140037.65439554551267065108,	 0.00000000000000000000,	 0.00000000000000000000,	 -627.60588816040774418070,	 0.00000000000000000000,	 0.00000000000000000000,	 -31.38029440802039005121,	 0.05000000000000000278,	 0.10726990216084980601,	 0.00000000000000000000,	 0.00000000000000000000
6.49110000000000031406,	 34.54999999999999715783,	 0.39999999999999996669,	 0.50265482457436694297, 1128379.16709551215171813965,	 0.46754290770226625273,	 0.06754290770226628604,	 0.68674075179830673665,	 50.29585573332121839485,	 73.23849007302383995466,	 137580.46917908830801025033,	 140262.40739317651605233550,	 0.00000000000000000000,	 0.00000000000000000000,	 -626.58197882161005054513,	 0.00000000000000000000,	 0.00000000000000000000,	 -31.32909894108050607997,	 0.05000000000000000278,	 0.10710966113738543126,	 0.00000000000000000000,	 0.00000000000000000000
6.49220000000000041496,	 34.54999999999999715783,	 0.39999999999999996669,	 0.50265482457436694297, 1128379.16709551215171813965,	 0.46767048619359102846,	 0.06767048619359106176,	 0.68711558500028613317,	 50.25096769624892800721,	 73.13320901639569626695,	 137809.07246809633215889335,	 140483.30559861424262635410,	 0.00000000000000000000,	 0.00000000000000000000,	 -625.51057785692626111995,	 0.00000000000000000000,	 0.00000000000000000000,	 -31.27552889284631376654,	 0.05000000000000000278,	 0.10694110041557579327,	 0.00000000000000000000,	 0.00000000000000000000
6.49330000000000051585,	 34.54999999999999715783,	 0.39999999999999996669,	 0.50265482457436694297, 1128379.16709551215171813965,	 0.46779671001174921718,	 0.06779671001174925049,	 0.68748653873559861793,	 50.20173047268666266518,	 73.02212864417090543157,	 138034.14533911793841980398,	 140700.26097498086164705455,	 0.00000000000000000000,	 0.00000000000000000000,	 -624.39198122908453569835,	 0.00000000000000000000,	 0.00000000000000000000,	 -31.21959906145422891655,	 0.05000000000000000278,	 0.10676426318963075368,	 0.00000000000000000000,	 0.00000000000000000000
6.49440000000000061675,	 34.54999999999999715783,	 0.39999999999999996669,	 0.50265482457436694297, 1128379.16709551215171813965,	 0.46792153564495053697,	 0.06792153564495057028,	 0.68785348185481010042,	 50.14814511767592364322,	 72.90527189373308658560,	 138255.59612710823421366513,	 140913.18546205779421143234,	 0.00000000000000000000,	 0.00000000000000000000,	 -623.22647144885536363290,	 0.00000000000000000000,	 0.00000000000000000000,	 -31.16132357244276818165,	 0.05000000000000000278,	 0.10657919045520881929,	 0.00000000000000000000,	 0.00000000000000000000
6.49550000000000071765,	 34.54999999999999715783,	 0.39999999999999996669,	 0.50265482457436694297, 1128379.16709551215171813965,	 0.46804491933202929665,	 0.06804491933202932996,	 0.68821628237471099698,	 50.09021193953854123038,	 72.78266036761111479336,	 138473.33352151906001381576,	 141121.99134661257266998291,	 0.00000000000000000000,	 0.00000000000000000000,	 -622.01431838194457668578,	 0.00000000000000000000,	 0.00000000000000000000,	 -31.10071591909723309755,	 0.05000000000000000971,	 0.10638592115334648269,	 0.00000000000000000000,	 0.00000000000000000000
6.49659999999999993037,	 34.54999999999999715783,	 0.39999999999999996669,	 0.50265482457436694297, 1128379.16709551215171813965,	 0.46816681711815016920,	 0.06816681711815020250,	 0.68857480764510670124,	 50.02793067206506094635,	 72.65431455902114521450,	 138687.26707283940049819648,	 141326.59178486000746488571,	 0.00000000000000000000,	 0.00000000000000000000,	 -620.75578108036256708147,	 0.00000000000000000000,	 0.00000000000000000000,	 -31.03778905401813048570,	 0.05000000000000000278,	 0.10618449249177530636,	 0.00000000000000000000,	 0.00000000000000000000
6.49770000000000003126,	 34.54999999999999715783,	 0.39999999999999996669,	 0.50265482457436694297, 1128379.16709551215171813965,	 0.46828718493221327401,	 0.06828718493221330732,	 0.68892892457986132371,	 49.96130072883479300572,	 72.52025418921604682509,	 138897.30776516415062360466,	 141526.90139899839414283633,	 0.00000000000000000000,	 0.00000000000000000000,	 -619.45111053776702192408,	 0.00000000000000000000,	 0.00000000000000000000,	 -30.97255552688835322783,	 0.05000000000000000278,	 0.10597494042696020689,	 0.00000000000000000000,	 0.00000000000000000000
6.49880000000000013216,	 34.54999999999999715783,	 0.39999999999999996669,	 0.50265482457436694297, 1128379.16709551215171813965,	 0.46840597868300187789,	 0.06840597868300191120,	 0.68927849994359846608,	 49.89032149325475984369,	 72.38049858995620411406,	 139103.36849760782206431031,	 141722.83678567313472740352,	 0.00000000000000000000,	 0.00000000000000000000,	 -618.10055280221263274143,	 0.00000000000000000000,	 0.00000000000000000000,	 -30.90502764011063163707,	 0.05000000000000000278,	 0.10575730020966839229,	 0.00000000000000000000,	 0.00000000000000000000
6.49990000000000023306,	 34.54999999999999715783,	 0.39999999999999996669,	 0.50265482457436694297, 1128379.16709551215171813965,	 0.46852315436053487696,	 0.06852315436053491027,	 0.68962340065428961999,	 49.81499252676863420675,	 72.23506696481874200799,	 139305.36409315900527872145,	 141914.31654286492266692221,	 0.00000000000000000000,	 0.00000000000000000000,	 -616.70435104458363184676,	 0.00000000000000000000,	 0.00000000000000000000,	 -30.83521755222918159234,	 0.05000000000000000278,	 0.10553160675266984314,	 0.00000000000000000000,	 0.00000000000000000000
6.50100000000000033396,	 34.54999999999999715783,	 0.39999999999999996669,	 0.50265482457436694297, 1128379.16709551215171813965,	 0.46863866803070658440,	 0.06863866803070661771,	 0.68996349377218513244,	 49.73531257368819069598,	 72.08397693880017698120,	 139503.20627893425989896059,	 142101.25614459099597297609,	 0.00000000000000000000,	 0.00000000000000000000,	 -615.26273315608705161139,	 0.00000000000000000000,	 0.00000000000000000000,	 -30.76313665780435613328,	 0.05000000000000000278,	 0.10529789250992463434,	 0.00000000000000000000,	 0.00000000000000000000
6.50210000000000043485,	 34.54999999999999715783,	 0.39999999999999996669,	 0.50265482457436694297, 1128379.16709551215171813965,	 0.46875247539854025813,	 0.06875247539854029144,	 0.69029864521829109592,	 49.65127550115222021532,	 71.92723880466424191127,	 139696.80767542036483064294,	 142283.57151645194971933961,	 0.00000000000000000000,	 0.00000000000000000000,	 -613.77586320806631192681,	 0.00000000000000000000,	 0.00000000000000000000,	 -30.68879316040331772797,	 0.05000000000000000278,	 0.10505617912039437456,	 0.00000000000000000000,	 0.00000000000000000000
6.50320000000000053575,	 34.54999999999999715783,	 0.39999999999999996669,	 0.50265482457436694297, 1128379.16709551215171813965,	 0.46886449162658899725,	 0.06886449162658903056,	 0.69062860140425763600,	 49.56288550161583827958,	 71.76488984215168898118,	 139883.76548521546646952629,	 142458.86519224353833124042,	 0.00000000000000000000,	 0.00000000000000000000,	 -612.24418674303331044939,	 0.00000000000000000000,	 0.00000000000000000000,	 -30.61220933715166836464,	 0.05000000000000000278,	 0.10480653202223555454,	 0.00000000000000000000,	 0.00000000000000000000
6.50430000000000063665,	 34.54999999999999715783,	 0.39999999999999996669,	 0.50265482457436694297, 1128379.16709551215171813965,	 0.46897474290831842048,	 0.06897474290831845378,	 0.69095343573128154002,	 49.47017768957208971869,	 71.59697764179223611336,	 140071.10558814872638322413,	 142634.16919186836457811296,	 0.00000000000000000000,	 0.00000000000000000000,	 -610.66809012176577198261,	 0.00000000000000000000,	 0.00000000000000000000,	 -30.53340450608829215184,	 0.05000000000000000278,	 0.10454901911902862721,	 0.00000000000000000000,	 0.00000000000000000000
6.50540000000000073754,	 34.54999999999999715783,	 0.39999999999999996669,	 0.50265482457436694297, 1128379.16709551215171813965,	 0.46908318416228267367,	 0.06908318416228270697,	 0.69127301166127286258,	 49.37312211175039777800,	 71.42347709061650107287,	 140251.56873023897060193121,	 142802.22527009589248336852,	 0.00000000000000000000,	 0.00000000000000000000,	 -609.04743126248615681106,	 0.00000000000000000000,	 0.00000000000000000000,	 -30.45237156312430926164,	 0.05000000000000000278,	 0.10428360999442221058,	 0.00000000000000000000,	 0.00000000000000000000
6.50649999999999995026,	 34.54999999999999715783,	 0.39999999999999996669,	 0.50265482457436694297, 1128379.16709551215171813965,	 0.46918974988061068476,	 0.06918974988061071807,	 0.69158713237678948182,	 49.27172652183799073100,	 71.24442346477007959038,	 140427.51953755502472631633,	 142965.40347496877075172961,	 0.00000000000000000000,	 0.00000000000000000000,	 -607.38260785022555410251,	 0.00000000000000000000,	 0.00000000000000000000,	 -30.36913039251127699458,	 0.04999999999999999584,	 0.10401036453019700534,	 0.00000000000000000000,	 0.00000000000000000000
6.50760000000000005116,	 34.54999999999999715783,	 0.39999999999999996669,	 0.50265482457436694297, 1128379.16709551215171813965,	 0.46929439875429851403,	 0.06929439875429854734,	 0.69189567230404713793,	 49.16599491975495084262,	 71.05983877024368666753,	 140598.87073913752101361752,	 143123.62108216402702964842,	 0.00000000000000000000,	 0.00000000000000000000,	 -605.67387089098781416396,	 0.00000000000000000000,	 0.00000000000000000000,	 -30.28369354454939355037,	 0.05000000000000000278,	 0.10372932036418511248,	 0.00000000000000000000,	 0.00000000000000000000
6.50870000000000015206,	 34.54999999999999715783,	 0.39999999999999996669,	 0.50265482457436694297, 1128379.16709551215171813965,	 0.46939709027049864032,	 0.06939709027049867363,	 0.69219850817700023793,	 49.05593179903400624653,	 70.86974505077962760424,	 140765.55295865531661547720,	 143276.81334043657989241183,	 0.00000000000000000000,	 0.00000000000000000000,	 -603.92146879257086311554,	 0.00000000000000000000,	 0.00000000000000000000,	 -30.19607343962854884012,	 0.05000000000000000971,	 0.10344051493977332590,	 0.00000000000000000000,	 0.00000000000000000000
6.50980000000000025295,	 34.54999999999999715783,	 0.39999999999999996669,	 0.50265482457436694297, 1128379.16709551215171813965,	 0.46949778452097717940,	 0.06949778452097721271,	 0.69249551847984913699,	 48.94154207451671823037,	 70.67416433531889197184,	 140927.49845437009935267270,	 143424.91720661791623570025,	 0.00000000000000000000,	 0.00000000000000000000,	 -602.12564715232372236642,	 0.00000000000000000000,	 0.00000000000000000000,	 -30.10628235761618398669,	 0.04999999999999999584,	 0.10314398544916902889,	 0.00000000000000000000,	 0.00000000000000000000
6.51090000000000035385,	 34.54999999999999715783,	 0.39999999999999996669,	 0.50265482457436694297, 1128379.16709551215171813965,	 0.46959644220722401853,	 0.06959644220722405183,	 0.69278658346902544096,	 48.82283098848684232962,	 70.47311849489608448494,	 141084.64046144424355588853,	 143567.87067664208007045090,	 0.00000000000000000000,	 0.00000000000000000000,	 -600.28664751934070409334,	 0.00000000000000000000,	 0.00000000000000000000,	 -30.01433237596703662575,	 0.05000000000000000278,	 0.10283976862276388020,	 0.00000000000000000000,	 0.00000000000000000000
6.51200000000000045475,	 34.54999999999999715783,	 0.39999999999999996669,	 0.50265482457436694297, 1128379.16709551215171813965,	 0.46969302462958573141,	 0.06969302462958576472,	 0.69307158514802946758,	 48.69980403833261561886,	 70.26662913605250082583,	 141236.91318172431783750653,	 143705.61276679608272388577,	 0.00000000000000000000,	 0.00000000000000000000,	 -598.40470649072892683762,	 0.00000000000000000000,	 0.00000000000000000000,	 -29.92023532453644918405,	 0.05000000000000000278,	 0.10252790057376141852,	 0.00000000000000000000,	 0.00000000000000000000
6.51310000000000055564,	 34.54999999999999715783,	 0.39999999999999996669,	 0.50265482457436694297, 1128379.16709551215171813965,	 0.46978749368032868272,	 0.06978749368032871603,	 0.69335040725380892024,	 48.57246692452089575909,	 70.05471752285332343035,	 141384.25187788833864033222,	 143838.08360149172949604690,	 0.00000000000000000000,	 0.00000000000000000000,	 -596.48005504823174760531,	 0.00000000000000000000,	 0.00000000000000000000,	 -29.82400275241158738027,	 0.05000000000000000278,	 0.10220841668426811077,	 0.00000000000000000000,	 0.00000000000000000000
6.51420000000000065654,	 34.54999999999999715783,	 0.39999999999999996669,	 0.50265482457436694297, 1128379.16709551215171813965,	 0.46987981184195437567,	 0.06987981184195440898,	 0.69362293525859575194,	 48.44082551420474658244,	 69.83740452028895617786,	 141526.59293826928478665650,	 143965.22447333452873863280,	 0.00000000000000000000,	 0.00000000000000000000,	 -594.51291807173026882083,	 0.00000000000000000000,	 0.00000000000000000000,	 -29.72564590358651415158,	 0.05000000000000000278,	 0.10188135152214172763,	 0.00000000000000000000,	 0.00000000000000000000
6.51529999999999986926,	 34.54999999999999715783,	 0.39999999999999996669,	 0.50265482457436694297, 1128379.16709551215171813965,	 0.46996994218785365094,	 0.06996994218785368425,	 0.69388905637861397757,	 48.30488582661204333135,	 69.61471056873816110055,	 141663.87392403872217983007,	 144086.97788782330462709069,	 0.00000000000000000000,	 0.00000000000000000000,	 -592.50351411548069791024,	 0.00000000000000000000,	 0.00000000000000000000,	 -29.62517570577403702714,	 0.05000000000000000278,	 0.10154673880301311184,	 0.00000000000000000000,	 0.00000000000000000000
6.51639999999999997016,	 34.54999999999999715783,	 0.39999999999999996669,	 0.50265482457436694297, 1128379.16709551215171813965,	 0.47005784838599101727,	 0.07005784838599105058,	 0.69414865959170768406,	 48.16465403932982525248,	 69.38665568793270210790,	 141796.03364318210515193641,	 144203.28763695995439775288,	 0.00000000000000000000,	 0.00000000000000000000,	 -590.45205543259351088636,	 0.00000000000000000000,	 0.00000000000000000000,	 -29.52260277162967838649,	 0.05000000000000000278,	 0.10120461139510088244,	 0.00000000000000000000,	 0.00000000000000000000
6.51750000000000007105,	 34.54999999999999715783,	 0.39999999999999996669,	 0.50265482457436694297, 1128379.16709551215171813965,	 0.47014349470593586044,	 0.07014349470593589375,	 0.69440163566483070756,	 48.02013651789512493906,	 69.15325951373935708943,	 141923.01223143731476739049,	 144314.09888212461373768747,	 0.00000000000000000000,	 0.00000000000000000000,	 -588.35874827529551112093,	 0.00000000000000000000,	 0.00000000000000000000,	 -29.41793741376477910876,	 0.05000000000000000278,	 0.10085500137159829348,	 0.00000000000000000000,	 0.00000000000000000000
6.51860000000000017195,	 34.54999999999999715783,	 0.39999999999999996669,	 0.50265482457436694297, 1128379.16709551215171813965,	 0.47022684602968650713,	 0.07022684602968654044,	 0.69464787719272014233,	 47.87133986813040564812,	 68.91454136676097164127,	 142044.75125177553854882717,	 144419.35825767103233374655,	 0.00000000000000000000,	 0.00000000000000000000,	 -586.22379346167929270450,	 0.00000000000000000000,	 0.00000000000000000000,	 -29.31118967308396960902,	 0.05000000000000000971,	 0.10049794010910678699,	 0.00000000000000000000,	 0.00000000000000000000
6.51970000000000027285,	 34.54999999999999715783,	 0.39999999999999996669,	 0.50265482457436694297, 1128379.16709551215171813965,	 0.47030786786687284184,	 0.07030786786687287515,	 0.69488727864949229041,	 47.71827100987079006700,	 68.67052035059680292761,	 142161.19381521301693283021,	 144519.01399782387306913733,	 0.00000000000000000000,	 0.00000000000000000000,	 -584.04738718966063970583,	 0.00000000000000000000,	 0.00000000000000000000,	 -29.20236935948303269583,	 0.05000000000000000278,	 0.10013345842888939086,	 0.00000000000000000000,	 0.00000000000000000000
6.52080000000000037375,	 34.54999999999999715783,	 0.39999999999999996669,	 0.50265482457436694297, 1128379.16709551215171813965,	 0.47038652637483291397,	 0.07038652637483294727,	 0.69511973645463476235,	 47.56093726909896446386,	 68.42121547530381064917,	 142272.28471709252335131168,	 144613.01608065149048343301,	 0.00000000000000000000,	 0.00000000000000000000,	 -581.82972205952671629348,	 0.00000000000000000000,	 0.00000000000000000000,	 -29.09148610297634007793,	 0.05000000000000000971,	 0.09976158677438301536,	 0.00000000000000000000,	 0.00000000000000000000
6.52190000000000047464,	 34.54999999999999715783,	 0.39999999999999996669,	 0.50265482457436694297, 1128379.16709551215171813965,	 0.47046278838350841234,	 0.07046278838350844564,	 0.69534514905323385747,	 47.39934648329968780445,	 68.16664579861894424084,	 142377.97057527743163518608,	 144701.31637499461066909134,	 0.00000000000000000000,	 0.00000000000000000000,	 -579.57098824191268704453,	 0.00000000000000000000,	 0.00000000000000000000,	 -28.97854941209563506277,	 0.05000000000000000278,	 0.09938235541413024954,	 0.00000000000000000000,	 0.00000000000000000000
6.52300000000000057554,	 34.54999999999999715783,	 0.39999999999999996669,	 0.50265482457436694297, 1128379.16709551215171813965,	 0.47053662142433388960,	 0.07053662142433392290,	 0.69556341700800605743,	 47.23350711312036764866,	 67.90683057527262178610,	 142478.19995399634353816509,	 144783.86877338573685847223,	 0.00000000000000000000,	 0.00000000000000000000,	 -577.27137471014111724799,	 0.00000000000000000000,	 0.00000000000000000000,	 -28.86356873550705515186,	 0.04999999999999999584,	 0.09899579465613209117,	 0.00000000000000000000,	 0.00000000000000000000
6.52410000000000067644,	 34.54999999999999715783,	 0.39999999999999996669,	 0.50265482457436694297, 1128379.16709551215171813965,	 0.47060799376167483654,	 0.07060799376167486985,	 0.69577444309886027352,	 47.06342835336213425990,	 67.64178940483884616697,	 142572.92346135180559940636,	 144860.62929829608765430748,	 0.00000000000000000000,	 0.00000000000000000000,	 -574.93107045771080265695,	 0.00000000000000000000,	 0.00000000000000000000,	 -28.74655352288553800122,	 0.04999999999999999584,	 0.09860193505986464269,	 0.00000000000000000000,	 0.00000000000000000000
6.52519999999999988916,	 34.54999999999999715783,	 0.39999999999999996669,	 0.50265482457436694297, 1128379.16709551215171813965,	 0.47067687442511968454,	 0.07067687442511971785,	 0.69597813242497164055,	 46.88912023758839353604,	 67.37154237046833316072,	 142662.09381588603719137609,	 144931.55617657394031994045,	 0.00000000000000000000,	 0.00000000000000000000,	 -572.55026563822832486039,	 0.00000000000000000000,	 0.00000000000000000000,	 -28.62751328191141908519,	 0.05000000000000000278,	 0.09820080763500473042,	 0.00000000000000000000,	 0.00000000000000000000
6.52629999999999999005,	 34.54999999999999715783,	 0.39999999999999996669,	 0.50265482457436694297, 1128379.16709551215171813965,	 0.47074323324104422328,	 0.07074323324104425659,	 0.69617439250467327838,	 46.71059373244766987909,	 67.09611016342303457805,	 142745.66588347364449873567,	 144996.60988300474127754569,	 0.00000000000000000000,	 0.00000000000000000000,	 -570.12915258681118757522,	 0.00000000000000000000,	 0.00000000000000000000,	 -28.50645762934055937876,	 0.05000000000000000278,	 0.09779244401964769240,	 0.00000000000000000000,	 0.00000000000000000000
6.52740000000000009095,	 34.54999999999999715783,	 0.39999999999999996669,	 0.50265482457436694297, 1128379.16709551215171813965,	 0.47080704086216434989,	 0.07080704086216438320,	 0.69636313336935640184,	 46.52786081944232421392,	 66.81551419058766327908,	 142823.59668846774729900062,	 145055.75315674406010657549,	 0.00000000000000000000,	 0.00000000000000000000,	 -567.66792670077245475113,	 0.00000000000000000000,	 0.00000000000000000000,	 -28.38339633503862202701,	 0.04999999999999999584,	 0.09737687663405639182,	 0.00000000000000000000,	 0.00000000000000000000
6.52850000000000019185,	 34.54999999999999715783,	 0.39999999999999996669,	 0.50265482457436694297, 1128379.16709551215171813965,	 0.47086826879409288127,	 0.07086826879409291458,	 0.69654426764843790920,	 46.34093456295266122424,	 66.52977666358745523212,	 142895.84540238720364868641,	 145108.95099384061177261174,	 0.00000000000000000000,	 0.00000000000000000000,	 -565.16678716934677595418,	 0.00000000000000000000,	 0.00000000000000000000,	 -28.25833935846733879771,	 0.05000000000000000278,	 0.09695413880806470763,	 0.00000000000000000000,	 0.00000000000000000000
6.52960000000000029274,	 34.54999999999999715783,	 0.39999999999999996669,	 0.50265482457436694297, 1128379.16709551215171813965,	 0.47092688941814070391,	 0.07092688941814073722,	 0.69671771064312937316,	 46.14982916390824385644,	 66.23892066890053342831,	 142962.37331221069325692952,	 145156.17061790113802999258,	 0.00000000000000000000,	 0.00000000000000000000,	 -562.62593754833426373807,	 0.00000000000000000000,	 0.00000000000000000000,	 -28.13129687741671602907,	 0.05000000000000000278,	 0.09652426488133684923,	 0.00000000000000000000,	 0.00000000000000000000
6.53070000000000039364,	 34.54999999999999715783,	 0.39999999999999996669,	 0.50265482457436694297, 1128379.16709551215171813965,	 0.47098287600980515144,	 0.07098287600980518475,	 0.69688338038733366187,	 45.95455999899934340647,	 65.94297021900193556121,	 143023.14377082377905026078,	 145197.38143147586379200220,	 0.00000000000000000000,	 0.00000000000000000000,	 -560.04558618075202502951,	 0.00000000000000000000,	 0.00000000000000000000,	 -28.00227930903760409365,	 0.05000000000000000278,	 0.09608729027660320443,	 0.00000000000000000000,	 0.00000000000000000000
6.53180000000000049454,	 34.54999999999999715783,	 0.39999999999999996669,	 0.50265482457436694297, 1128379.16709551215171813965,	 0.47103620275259128203,	 0.07103620275259131533,	 0.69704119769459693678,	 45.75514364589503912839,	 65.64195028532917319808,	 143078.12213355375570245087,	 145232.55495218458236195147,	 0.00000000000000000000,	 0.00000000000000000000,	 -557.42594647067653568229,	 0.00000000000000000000,	 0.00000000000000000000,	 -27.87129732353382749466,	 0.05000000000000000278,	 0.09564325154706515564,	 0.00000000000000000000,	 0.00000000000000000000
6.53290000000000059543,	 34.54999999999999715783,	 0.39999999999999996669,	 0.50265482457436694297, 1128379.16709551215171813965,	 0.47108684474700845968,	 0.07108684474700849298,	 0.69719108619062752918,	 45.55159789566712902342,	 65.33588681484133076083,	 143127.27568427592632360756,	 145261.66473721680813468993,	 0.00000000000000000000,	 0.00000000000000000000,	 -554.76723702551441874675,	 0.00000000000000000000,	 0.00000000000000000000,	 -27.73836185127571951625,	 0.04999999999999999584,	 0.09519218640056713310,	 0.00000000000000000000,	 0.00000000000000000000
6.53400000000000069633,	 34.54999999999999715783,	 0.39999999999999996669,	 0.50265482457436694297, 1128379.16709551215171813965,	 0.47113477801480291296,	 0.07113477801480294627,	 0.69733297233154212247,	 45.34394175418525207988,	 65.02480673268205180193,	 143170.57355461112456396222,	 145284.68629992243950255215,	 0.00000000000000000000,	 0.00000000000000000000,	 -552.06968168789262563223,	 0.00000000000000000000,	 0.00000000000000000000,	 -27.60348408439463341324,	 0.05000000000000000278,	 0.09473413370418358459,	 0.00000000000000000000,	 0.00000000000000000000
6.53509999999999990905,	 34.54999999999999715783,	 0.39999999999999996669,	 0.50265482457436694297, 1128379.16709551215171813965,	 0.47117997949870144003,	 0.07117997949870147334,	 0.69746678540863427109,	 45.13219543450470183643,	 64.70873793375335480960,	 143207.98664114414714276791,	 145301.59702363374526612461,	 0.00000000000000000000,	 0.00000000000000000000,	 -549.33350948058853191469,	 0.00000000000000000000,	 0.00000000000000000000,	 -27.46667547402942943791,	 0.05000000000000000278,	 0.09426913347327484094,	 0.00000000000000000000,	 0.00000000000000000000
6.53620000000000000995,	 34.54999999999999715783,	 0.39999999999999996669,	 0.50265482457436694297, 1128379.16709551215171813965,	 0.47122242705804739948,	 0.07122242705804743279,	 0.69759245754078091917,	 44.91638034229266907005,	 64.38770926600346911073,	 143239.48752313136355951428,	 145312.37607539305463433266,	 0.00000000000000000000,	 0.00000000000000000000,	 -546.55895448772332656517,	 0.00000000000000000000,	 0.00000000000000000000,	 -27.32794772438617059152,	 0.05000000000000000971,	 0.09379722684904703844,	 0.00000000000000000000,	 0.00000000000000000000
6.53730000000000011084,	 34.54999999999999715783,	 0.39999999999999996669,	 0.50265482457436694297, 1128379.16709551215171813965,	 0.47126209946083147395,	 0.07126209946083150726,	 0.69770992365596218310,	 44.69651905656468926509,	 64.06175050851699381838,	 143265.05038281975430436432,	 145317.00432192749576643109,	 0.00000000000000000000,	 0.00000000000000000000,	 -543.74625569770807942405,	 0.00000000000000000000,	 0.00000000000000000000,	 -27.18731278488540326066,	 0.04999999999999999584,	 0.09331845606905268820,	 0.00000000000000000000,	 0.00000000000000000000
6.53840000000000021174,	 34.54999999999999715783,	 0.39999999999999996669,	 0.50265482457436694297, 1128379.16709551215171813965,	 0.47129897637266032762,	 0.07129897637266036092,	 0.69781912146349367454,	 44.47263530733799541395,	 63.73089234652704249129,	 143284.65093062221421860158,	 145315.46425026451470330358,	 0.00000000000000000000,	 0.00000000000000000000,	 -540.89565682514410127624,	 0.00000000000000000000,	 0.00000000000000000000,	 -27.04478284125720222164,	 0.04999999999999999584,	 0.09283286443365208751,	 0.00000000000000000000,	 0.00000000000000000000
6.53950000000000031264,	 34.54999999999999715783,	 0.39999999999999996669,	 0.50265482457436694297, 1128379.16709551215171813965,	 0.47133303834314305147,	 0.07133303834314308478,	 0.69791999141838645393,	 44.24475395113724829343,	 63.39516634452382248810,	 143298.26633251024759374559,	 145307.73989043515757657588,	 0.00000000000000000000,	 0.00000000000000000000,	 -538.00740612093852632825,	 0.00000000000000000000,	 0.00000000000000000000,	 -26.90037030604693057967,	 0.05000000000000000971,	 0.09234049627008550365,	 0.00000000000000000000,	 0.00000000000000000000
6.54060000000000041354,	 34.54999999999999715783,	 0.39999999999999996669,	 0.50265482457436694297, 1128379.16709551215171813965,	 0.47136426678996390383,	 0.07136426678996393713,	 0.69801247667862909019,	 44.01290094400229691018,	 63.05460491684909385413,	 143305.87513740677968598902,	 145293.81673801675788126886,	 0.00000000000000000000,	 0.00000000000000000000,	 -535.08175616498908766516,	 0.00000000000000000000,	 0.00000000000000000000,	 -26.75408780824945509380,	 0.05000000000000000278,	 0.09184139689322727562,	 0.00000000000000000000,	 0.00000000000000000000
6.54170000000000051443,	 34.54999999999999715783,	 0.39999999999999996669,	 0.50265482457436694297, 1128379.16709551215171813965,	 0.47139264398096009101,	 0.07139264398096012432,	 0.69809652305632929892,	 43.77710331234687402002,	 62.70924129615598729970,	 143307.45720478752627968788,	 145273.68167675728909671307,	 0.00000000000000000000,	 0.00000000000000000000,	 -532.11896364414940308052,	 0.00000000000000000000,	 0.00000000000000000000,	 -26.60594818220747370674,	 0.05000000000000000971,	 0.09133561256353053825,	 0.00000000000000000000,	 0.00000000000000000000
6.54280000000000061533,	 34.54999999999999715783,	 0.39999999999999996669,	 0.50265482457436694297, 1128379.16709551215171813965,	 0.47141815301392669957,	 0.07141815301392673287,	 0.69817207896189725780,	 43.53738911763125685184,	 62.35910949398953562195,	 143302.99361721123568713665,	 145247.32288565291673876345,	 0.00000000000000000000,	 0.00000000000000000000,	 -529.11928906689604446001,	 0.00000000000000000000,	 0.00000000000000000000,	 -26.45596445334480506517,	 0.05000000000000000278,	 0.09082319043381002766,	 0.00000000000000000000,	 0.00000000000000000000
6.54390000000000071623,	 34.54999999999999715783,	 0.39999999999999996669,	 0.50265482457436694297, 1128379.16709551215171813965,	 0.47144077779330234579,	 0.07144077779330237910,	 0.69823909533876082900,	 43.29378740821412208106,	 62.00424424417185065295,	 143292.46656059697852469981,	 145214.72971274243900552392,	 0.00000000000000000000,	 0.00000000000000000000,	 -526.08299633645071935462,	 0.00000000000000000000,	 0.00000000000000000000,	 -26.30414981682253738882,	 0.05000000000000000278,	 0.09030417847136291976,	 0.00000000000000000000,	 0.00000000000000000000
6.54499999999999992895,	 34.54999999999999715783,	 0.39999999999999996669,	 0.50265482457436694297, 1128379.16709551215171813965,	 0.47146050300238784292,	 0.07146050300238787623,	 0.69829752558462487855,	 43.04632815319322247660,	 61.64468092186665870713,	 143275.85916939063463360071,	 145175.89251237001735717058,	 0.00000000000000000000,	 0.00000000000000000000,	 -523.01035212321437484206,	 0.00000000000000000000,	 0.00000000000000000000,	 -26.15051760616072229482,	 0.05000000000000000971,	 0.08977862534516314885,	 0.00000000000000000000,	 0.00000000000000000000
6.54610000000000002984,	 34.54999999999999715783,	 0.39999999999999996669,	 0.50265482457436694297, 1128379.16709551215171813965,	 0.47147731406827403378,	 0.07147731406827406708,	 0.69834732545091049438,	 42.79504214022855279609,	 61.28045541320939548768,	 143253.15529258982860483229,	 145130.80240041500655934215,	 0.00000000000000000000,	 0.00000000000000000000,	 -519.90162482630455542676,	 0.00000000000000000000,	 0.00000000000000000000,	 -25.99508124131522635025,	 0.04999999999999999584,	 0.08924658024179903115,	 0.00000000000000000000,	 0.00000000000000000000
6.54720000000000013074,	 34.54999999999999715783,	 0.39999999999999996669,	 0.50265482457436694297, 1128379.16709551215171813965,	 0.47149119711515780073,	 0.07149119711515783404,	 0.69838845290757722850,	 42.53996080719879557819,	 60.91160389335419722556,	 143224.33915332541801035404,	 145079.45089775585802271962,	 0.00000000000000000000,	 0.00000000000000000000,	 -516.75708277096043730126,	 0.00000000000000000000,	 0.00000000000000000000,	 -25.83785413854802115452,	 0.04999999999999999584,	 0.08870809254914401032,	 0.00000000000000000000,	 0.00000000000000000000
6.54830000000000023164,	 34.54999999999999715783,	 0.39999999999999996669,	 0.50265482457436694297, 1128379.16709551215171813965,	 0.47150213889340131246,	 0.07150213889340134576,	 0.69842086793587376814,	 42.28111596329880228495,	 60.53816245247254812512,	 143189.39411034347722306848,	 145021.82866690444643609226,	 0.00000000000000000000,	 0.00000000000000000000,	 -513.57699114199954237847,	 0.00000000000000000000,	 0.00000000000000000000,	 -25.67884955709997996109,	 0.05000000000000000278,	 0.08816321132083158874,	 0.00000000000000000000,	 0.00000000000000000000
6.54940000000000033253,	 34.54999999999999715783,	 0.39999999999999996669,	 0.50265482457436694297, 1128379.16709551215171813965,	 0.47151012668458136545,	 0.07151012668458139876,	 0.69844453224975366901,	 42.01853931156444588169,	 60.16016644330923668349,	 143148.30364669580012559891,	 144957.92645993913174606860,	 0.00000000000000000000,	 0.00000000000000000000,	 -510.36160657947971230897,	 0.00000000000000000000,	 0.00000000000000000000,	 -25.51808032897398703653,	 0.05000000000000000278,	 0.08761198433732712842,	 0.00000000000000000000,	 0.00000000000000000000
6.55050000000000043343,	 34.54999999999999715783,	 0.39999999999999996669,	 0.50265482457436694297, 1128379.16709551215171813965,	 0.47151514826669332914,	 0.07151514826669336244,	 0.69845940919532567559,	 41.75226215267070273285,	 59.77765007242474126770,	 143101.06564176644315011799,	 144887.74936585707473568618,	 0.00000000000000000000,	 0.00000000000000000000,	 -507.11117377390348792687,	 0.00000000000000000000,	 0.00000000000000000000,	 -25.35555868869517581743,	 0.05000000000000000278,	 0.08705445751607579497,	 0.00000000000000000000,	 0.00000000000000000000
6.55160000000000053433,	 34.54999999999999715783,	 0.39999999999999996669,	 0.50265482457436694297, 1128379.16709551215171813965,	 0.47151715047600373243,	 0.07151715047600376574,	 0.69846534098736390295,	 41.48236182390823501009,	 59.39072333248201118749,	 143043.55225200546556152403,	 144807.18126098316861316562,	 0.00000000000000000000,	 0.00000000000000000000,	 -503.82662240409428022758,	 0.00000000000000000000,	 0.00000000000000000000,	 -25.19133112020471543246,	 0.05000000000000000278,	 0.08649079075072162170,	 0.00000000000000000000,	 0.00000000000000000000
6.55270000000000063523,	 34.54999999999999715783,	 0.39999999999999996669,	 0.50265482457436694297, 1128379.16709551215171813965,	 0.47151628172188631005,	 0.07151628172188634336,	 0.69846276719304389857,	 41.20892795708295608392,	 58.99946266669569183705,	 142989.97054783266503363848,	 144730.43884531207731924951,	 0.00000000000000000000,	 0.00000000000000000000,	 -500.50838076039320867494,	 0.00000000000000000000,	 0.00000000000000000000,	 -25.02541903801966327592,	 0.05000000000000000278,	 0.08592107646707114466,	 0.00000000000000000000,	 0.00000000000000000000
6.55380000000000073612,	 34.54999999999999715783,	 0.39999999999999996669,	 0.50265482457436694297, 1128379.16709551215171813965,	 0.47151240647480791024,	 0.07151240647480794355,	 0.69845128633955044783,	 40.93199428502787640127,	 58.60393571546646995785,	 142923.80845129262888804078,	 144641.01909196388442069292,	 0.00000000000000000000,	 0.00000000000000000000,	 -497.15710476091209102378,	 0.00000000000000000000,	 0.00000000000000000000,	 -24.85785523804560526173,	 0.05000000000000000278,	 0.08534542021675201040,	 0.00000000000000000000,	 0.00000000000000000000
6.55489999999999994884,	 34.54999999999999715783,	 0.39999999999999996669,	 0.50265482457436694297, 1128379.16709551215171813965,	 0.47150553266073952363,	 0.07150553266073955694,	 0.69843092212763591142,	 40.65153930334769682986,	 58.20409437129526963872,	 142852.21290312660858035088,	 144546.07120391793432645500,	 0.00000000000000000000,	 0.00000000000000000000,	 -493.77231306572707580926,	 0.00000000000000000000,	 0.00000000000000000000,	 -24.68861565328635521155,	 0.05000000000000000278,	 0.08476374565167932307,	 0.00000000000000000000,	 0.00000000000000000000
6.55600000000000004974,	 34.54999999999999715783,	 0.39999999999999996669,	 0.50265482457436694297, 1128379.16709551215171813965,	 0.47149565367679230343,	 0.07149565367679233674,	 0.69840165538479681562,	 40.36760333594392591294,	 57.79998232349932862917,	 142774.45417459413874894381,	 144444.87315289254183880985,	 0.00000000000000000000,	 0.00000000000000000000,	 -490.35431714177281037337,	 0.00000000000000000000,	 0.00000000000000000000,	 -24.51771585708864265030,	 0.05000000000000000278,	 0.08417611131289871873,	 0.00000000000000000000,	 0.00000000000000000000
6.55710000000000015064,	 34.54999999999999715783,	 0.39999999999999996669,	 0.50265482457436694297, 1128379.16709551215171813965,	 0.47148276270164257706,	 0.07148276270164261037,	 0.69836346646305769159,	 40.08022994824317919438,	 57.39164757749159662126,	 142690.53331924515077844262,	 144337.43392507464159280062,	 0.00000000000000000000,	 0.00000000000000000000,	 -486.90346386053914784497,	 0.00000000000000000000,	 0.00000000000000000000,	 -24.34517319302695881333,	 0.05000000000000000278,	 0.08358258192073271531,	 0.00000000000000000000,	 0.00000000000000000000
6.55820000000000025153,	 34.54999999999999715783,	 0.39999999999999996669,	 0.50265482457436694297, 1128379.16709551215171813965,	 0.47146685351625494675,	 0.07146685351625498006,	 0.69831633767156642278,	 39.78946390192410831332,	 56.97913933189111901356,	 142600.45769880322040989995,	 144223.76885830474202521145,	 0.00000000000000000000,	 0.00000000000000000000,	 -483.42010817459618010616,	 0.00000000000000000000,	 0.00000000000000000000,	 -24.17100540872980829477,	 0.04999999999999999584,	 0.08298322375564563813,	 0.00000000000000000000,	 0.00000000000000000000
6.55930000000000035243,	 34.54999999999999715783,	 0.39999999999999996669,	 0.50265482457436694297, 1128379.16709551215171813965,	 0.47144792065964030714,	 0.07144792065964034045,	 0.69826025373891398296,	 39.49535112422734783877,	 56.56250790839804665211,	 142504.22899696187232621014,	 144103.88764740567421540618,	 0.00000000000000000000,	 0.00000000000000000000,	 -479.90461240560307487613,	 0.00000000000000000000,	 0.00000000000000000000,	 -23.99523062028015374381,	 0.05000000000000000278,	 0.08237810454615447642,	 0.00000000000000000000,	 0.00000000000000000000
6.56040000000000045333,	 34.54999999999999715783,	 0.39999999999999996669,	 0.50265482457436694297, 1128379.16709551215171813965,	 0.47142595934299608151,	 0.07142595934299611482,	 0.69819520155947167872,	 39.19793871047315292344,	 56.14180478886363090396,	 142401.84920234416495077312,	 143977.80032481960370205343,	 0.00000000000000000000,	 0.00000000000000000000,	 -476.35734669432105192755,	 0.00000000000000000000,	 0.00000000000000000000,	 -23.81786733471605188583,	 0.04999999999999999584,	 0.08176729353453864035,	 0.00000000000000000000,	 0.00000000000000000000
6.56150000000000055422,	 34.54999999999999715783,	 0.39999999999999996669,	 0.50265482457436694297, 1128379.16709551215171813965,	 0.47140096543817172625,	 0.07140096543817175956,	 0.69812117015973629286,	 38.89727492308850287372,	 55.71708262934994593252,	 142293.32166954924468882382,	 143845.51831791215226985514,	 0.00000000000000000000,	 0.00000000000000000000,	 -472.77868917863054321060,	 0.00000000000000000000,	 0.00000000000000000000,	 -23.63893445893153000270,	 0.05000000000000000278,	 0.08115086150245344465,	 0.00000000000000000000,	 0.00000000000000000000
6.56260000000000065512,	 34.54999999999999715783,	 0.39999999999999996669,	 0.50265482457436694297, 1128379.16709551215171813965,	 0.47137293547955222417,	 0.07137293547955225748,	 0.69803815070423924638,	 38.59340916202526017287,	 55.28839523038819692147,	 142178.65110352967167273164,	 143707.05442710546776652336,	 0.00000000000000000000,	 0.00000000000000000000,	 -469.16902578753638408671,	 0.00000000000000000000,	 0.00000000000000000000,	 -23.45845128937682133596,	 0.05000000000000000278,	 0.08052888073169388317,	 0.00000000000000000000,	 0.00000000000000000000
6.56370000000000075602,	 34.54999999999999715783,	 0.39999999999999996669,	 0.50265482457436694297, 1128379.16709551215171813965,	 0.47134186666085714501,	 0.07134186666085717832,	 0.69794613648620784652,	 38.28639194061239692246,	 54.85579751664543834977,	 142057.84336626567528583109,	 143562.42262685927562415600,	 0.00000000000000000000,	 0.00000000000000000000,	 -465.52875012153862144260,	 0.00000000000000000000,	 0.00000000000000000000,	 -23.27643750607693107213,	 0.05000000000000000278,	 0.07990142497922700371,	 0.00000000000000000000,	 0.00000000000000000000
6.56479999999999996874,	 34.54999999999999715783,	 0.39999999999999996669,	 0.50265482457436694297, 1128379.16709551215171813965,	 0.47130775682147763028,	 0.07130775682147766359,	 0.69784512288705891070,	 37.97627486359463233612,	 54.41934552251762369224,	 141930.90529106467147357762,	 143411.63787461424362845719,	 0.00000000000000000000,	 0.00000000000000000000,	 -461.85826339480877322785,	 0.00000000000000000000,	 0.00000000000000000000,	 -23.09291316974043795085,	 0.04999999999999999584,	 0.07926856946184922259,	 0.00000000000000000000,	 0.00000000000000000000
6.56590000000000006963,	 34.54999999999999715783,	 0.39999999999999996669,	 0.50265482457436694297, 1128379.16709551215171813965,	 0.47127060443050872163,	 0.07127060443050875493,	 0.69773510732889965080,	 37.66311062223124395132,	 53.97909640295272737376,	 141797.84470522194169461727,	 143254.71612946156528778374,	 0.00000000000000000000,	 0.00000000000000000000,	 -458.15797459450692485916,	 0.00000000000000000000,	 0.00000000000000000000,	 -22.90789872972534624296,	 0.05000000000000000278,	 0.07863039087785725356,	 0.00000000000000000000,	 0.00000000000000000000
6.56700000000000017053,	 34.54999999999999715783,	 0.39999999999999996669,	 0.50265482457436694297, 1128379.16709551215171813965,	 0.47123040857932807501,	 0.07123040857932810832,	 0.69761608925217344357,	 37.34695305151892341655,	 53.53510853161930072019,	 141658.67067559444694779813,	 143091.67459834058536216617,	 0.00000000000000000000,	 0.00000000000000000000,	 -454.42830137399403156451,	 0.00000000000000000000,	 0.00000000000000000000,	 -22.72141506869970228877,	 0.05000000000000000278,	 0.07798696755531686620,	 0.00000000000000000000,	 0.00000000000000000000
6.56810000000000027143,	 34.54999999999999715783,	 0.39999999999999996669,	 0.50265482457436694297, 1128379.16709551215171813965,	 0.47118716899489526684,	 0.07118716899489530014,	 0.69748807015447900071,	 37.02785733278881963315,	 53.08744180325252415287,	 141513.39407419515191577375,	 142922.53231280200998298824,	 0.00000000000000000000,	 0.00000000000000000000,	 -450.66967266103682732137,	 0.00000000000000000000,	 0.00000000000000000000,	 -22.53348363305184420824,	 0.05000000000000000971,	 0.07733837989621270004,	 0.00000000000000000000,	 0.00000000000000000000
6.56920000000000037232,	 34.54999999999999715783,	 0.39999999999999996669,	 0.50265482457436694297, 1128379.16709551215171813965,	 0.47114088609347315462,	 0.07114088609347318792,	 0.69735105374885042462,	 36.70588046420855476981,	 52.63615831206315931468,	 141362.02870776242343708873,	 142747.31128868871019221842,	 0.00000000000000000000,	 0.00000000000000000000,	 -446.88253442406841031698,	 0.00000000000000000000,	 0.00000000000000000000,	 -22.34412672120342335802,	 0.05000000000000000971,	 0.07668471136550181200,	 0.00000000000000000000,	 0.00000000000000000000
6.57030000000000047322,	 34.54999999999999715783,	 0.39999999999999996669,	 0.50265482457436694297, 1128379.16709551215171813965,	 0.47109156110728922506,	 0.07109156110728925837,	 0.69720504633765301161,	 36.38108213841459814830,	 52.18132359988027957343,	 141204.59334159252466633916,	 142566.03860791024635545909,	 0.00000000000000000000,	 0.00000000000000000000,	 -443.06736021532083213970,	 0.00000000000000000000,	 0.00000000000000000000,	 -22.15336801076604089644,	 0.04999999999999999584,	 0.07602605030504409889,	 0.00000000000000000000,	 0.00000000000000000000
6.57140000000000057412,	 34.54999999999999715783,	 0.39999999999999996669,	 0.50265482457436694297, 1128379.16709551215171813965,	 0.47103919632884927449,	 0.07103919632884930779,	 0.69705005753423854298,	 36.05352615207478805814,	 51.72300864533515607491,	 141041.11489712845650501549,	 142378.74970879117609001696,	 0.00000000000000000000,	 0.00000000000000000000,	 -439.22466791256562146373,	 0.00000000000000000000,	 0.00000000000000000000,	 -21.96123339562828391536,	 0.05000000000000000971,	 0.07536249281918376564,	 0.00000000000000000000,	 0.00000000000000000000
6.57250000000000067502,	 34.54999999999999715783,	 0.39999999999999996669,	 0.50265482457436694297, 1128379.16709551215171813965,	 0.47098379552175717588,	 0.07098379552175720919,	 0.69688610147659435512,	 35.72328243141720349740,	 51.26129270726603692765,	 140871.63288866402581334114,	 142185.49295367402373813093,	 0.00000000000000000000,	 0.00000000000000000000,	 -435.35504358895099130677,	 0.00000000000000000000,	 0.00000000000000000000,	 -21.76775217944755169697,	 0.05000000000000000278,	 0.07469414689418070463,	 0.00000000000000000000,	 0.00000000000000000000
6.57359999999999988773,	 34.54999999999999715783,	 0.39999999999999996669,	 0.50265482457436694297, 1128379.16709551215171813965,	 0.47092536453624367354,	 0.07092536453624370685,	 0.69671319864550040890,	 35.39042970320122094563,	 50.79626706082896703265,	 140696.20482679197448305786,	 141986.33520044951001182199,	 0.00000000000000000000,	 0.00000000000000000000,	 -431.45917282117039803779,	 0.00000000000000000000,	 0.00000000000000000000,	 -21.57295864105852345460,	 0.05000000000000000971,	 0.07402113780615059146,	 0.00000000000000000000,	 0.00000000000000000000
6.57469999999999998863,	 34.54999999999999715783,	 0.39999999999999996669,	 0.50265482457436694297, 1128379.16709551215171813965,	 0.47086391214274236905,	 0.07086391214274240236,	 0.69653137832593803314,	 35.05505876328776793116,	 50.32803956017031765668,	 140514.91206037002848461270,	 141781.36784335505217313766,	 0.00000000000000000000,	 0.00000000000000000000,	 -427.53787888432083263979,	 0.00000000000000000000,	 0.00000000000000000000,	 -21.37689394421604305307,	 0.05000000000000000278,	 0.07334361472200803811,	 0.00000000000000000000,	 0.00000000000000000000
6.57580000000000008953,	 34.54999999999999715783,	 0.39999999999999996669,	 0.50265482457436694297, 1128379.16709551215171813965,	 0.47079945106752646433,	 0.07079945106752649764,	 0.69634068166360163499,	 34.71727619745463755407,	 49.85673982814400773123,	 140327.86547659768257290125,	 141570.71272974330349825323,	 0.00000000000000000000,	 0.00000000000000000000,	 -423.59216617687246753121,	 0.00000000000000000000,	 0.00000000000000000000,	 -21.17960830884362621873,	 0.05000000000000000971,	 0.07266175820595088819,	 0.00000000000000000000,	 0.00000000000000000000
6.57690000000000019043,	 34.54999999999999715783,	 0.39999999999999996669,	 0.50265482457436694297, 1128379.16709551215171813965,	 0.47073199918776836848,	 0.07073199918776840178,	 0.69614116518947488643,	 34.37720830404692407001,	 49.38252472785483604412,	 140135.21047717516194097698,	 141354.52735142374876886606,	 0.00000000000000000000,	 0.00000000000000000000,	 -419.62326600326861125723,	 0.00000000000000000000,	 0.00000000000000000000,	 -20.98116330016343056286,	 0.05000000000000000278,	 0.07197578813356200755,	 0.00000000000000000000,	 0.00000000000000000000
6.57800000000000029132,	 34.54999999999999715783,	 0.39999999999999996669,	 0.50265482457436694297, 1128379.16709551215171813965,	 0.47066158081728126650,	 0.07066158081728129980,	 0.69593290460829793087,	 34.03500485438102884928,	 48.90558361159463629519,	 139937.13058108431869186461,	 141133.00863527966430410743,	 0.00000000000000000000,	 0.00000000000000000000,	 -415.63268050621366000996,	 0.00000000000000000000,	 0.00000000000000000000,	 -20.78163402531068371104,	 0.05000000000000000278,	 0.07128597128504289560,	 0.00000000000000000000,	 0.00000000000000000000
6.57910000000000039222,	 34.54999999999999715783,	 0.39999999999999996669,	 0.50265482457436694297, 1128379.16709551215171813965,	 0.47058822798945809662,	 0.07058822798945812993,	 0.69571599857376742460,	 33.69084225710520286157,	 48.42614274527557682859,	 139733.84904422072577290237,	 140906.39469481364358216524,	 0.00000000000000000000,	 0.00000000000000000000,	 -411.62221972420780957691,	 0.00000000000000000000,	 0.00000000000000000000,	 -20.58111098621039403156,	 0.05000000000000000971,	 0.07059262774803698459,	 0.00000000000000000000,	 0.00000000000000000000
6.58020000000000049312,	 34.54999999999999715783,	 0.39999999999999996669,	 0.50265482457436694297, 1128379.16709551215171813965,	 0.47051198162921498147,	 0.07051198162921501478,	 0.69549057213016007850,	 33.34492572088979045475,	 47.94446834665263423858,	 139525.62812858537654392421,	 140674.96415110697853378952,	 0.00000000000000000000,	 0.00000000000000000000,	 -407.59402709055831337537,	 0.00000000000000000000,	 0.00000000000000000000,	 -20.37970135452791708985,	 0.05000000000000000278,	 0.06989613531900021326,	 0.00000000000000000000,	 0.00000000000000000000
6.58130000000000059401,	 34.54999999999999715783,	 0.39999999999999996669,	 0.50265482457436694297, 1128379.16709551215171813965,	 0.47043289250776004762,	 0.07043289250776008092,	 0.69525677950648379078,	 32.99749012568779704679,	 47.46086783808207343327,	 139312.76600033082650043070,	 140439.03298830275889486074,	 0.00000000000000000000,	 0.00000000000000000000,	 -403.55059005402506500104,	 0.00000000000000000000,	 0.00000000000000000000,	 -20.17752950270125467114,	 0.05000000000000000278,	 0.06919693132743338915,	 0.00000000000000000000,	 0.00000000000000000000
6.58240000000000069491,	 34.54999999999999715783,	 0.39999999999999996669,	 0.50265482457436694297, 1128379.16709551215171813965,	 0.47035102189275918017,	 0.07035102189275921347,	 0.69501480600519449649,	 32.64879947595072451350,	 46.97568914194715716803,	 139095.59156650415388867259,	 140198.94925168459303677082,	 0.00000000000000000000,	 0.00000000000000000000,	 -399.49473440419302505688,	 0.00000000000000000000,	 0.00000000000000000000,	 -19.97473672020965196339,	 0.05000000000000000278,	 0.06849551163619432836,	 0.00000000000000000000,	 0.00000000000000000000
6.58349999999999990763,	 34.54999999999999715783,	 0.39999999999999996669,	 0.50265482457436694297, 1128379.16709551215171813965,	 0.47026644183737142946,	 0.07026644183737146276,	 0.69476486881934473860,	 32.29914497985334520536,	 46.48931808360028838933,	 138874.45780279644532129169,	 139955.08615073552937246859,	 0.00000000000000000000,	 0.00000000000000000000,	 -395.42960286056148788703,	 0.00000000000000000000,	 0.00000000000000000000,	 -19.77148014302807510489,	 0.05000000000000000278,	 0.06779242691307117707,	 0.00000000000000000000,	 0.00000000000000000000
6.58460000000000000853,	 34.54999999999999715783,	 0.39999999999999996669,	 0.50265482457436694297, 1128379.16709551215171813965,	 0.47017923508802617061,	 0.07017923508802620391,	 0.69450721671999027240,	 31.94884194303117652680,	 46.00217416590536601007,	 138649.73424192846869118512,	 139707.83425592360435985029,	 0.00000000000000000000,	 0.00000000000000000000,	 -391.35862014232014871595,	 0.00000000000000000000,	 0.00000000000000000000,	 -19.56793100711600885688,	 0.05000000000000000278,	 0.06708827655618271324,	 0.00000000000000000000,	 0.00000000000000000000
6.58570000000000010942,	 34.54999999999999715783,	 0.39999999999999996669,	 0.50265482457436694297, 1128379.16709551215171813965,	 0.47008949462585636336,	 0.07008949462585639667,	 0.69424212865948442541,	 31.59822576172322428079,	 45.51470511122163742357,	 138421.79928402116638608277,	 139457.59347470189095474780,	 0.00000000000000000000,	 0.00000000000000000000,	 -387.28544782688010172933,	 0.00000000000000000000,	 0.00000000000000000000,	 -19.36427239134400579701,	 0.05000000000000000278,	 0.06638370084536539262,	 0.00000000000000000000,	 0.00000000000000000000
6.58680000000000021032,	 34.54999999999999715783,	 0.39999999999999996669,	 0.50265482457436694297, 1128379.16709551215171813965,	 0.46999732288520579271,	 0.06999732288520582602,	 0.69396991142058084279,	 31.24764734324233472762,	 45.02738062415026121243,	 138191.03289096499793231487,	 139204.76539390106336213648,	 0.00000000000000000000,	 0.00000000000000000000,	 -383.21393277508474284332,	 0.00000000000000000000,	 0.00000000000000000000,	 -19.16069663875423856325,	 0.05000000000000000278,	 0.06567937197389542292,	 0.00000000000000000000,	 0.00000000000000000000
6.58790000000000031122,	 34.54999999999999715783,	 0.39999999999999996669,	 0.50265482457436694297, 1128379.16709551215171813965,	 0.46990283071198629683,	 0.06990283071198633014,	 0.69369089649840076639,	 30.89746827849914012631,	 44.54068582197455583582,	 137957.81007992490776814520,	 138949.74642667084117420018,	 0.00000000000000000000,	 0.00000000000000000000,	 -379.14805283881781861055,	 0.00000000000000000000,	 0.00000000000000000000,	 -18.95740264194089164107,	 0.05000000000000000278,	 0.06497598460490459915,	 0.00000000000000000000,	 0.00000000000000000000
6.58900000000000041211,	 34.54999999999999715783,	 0.39999999999999996669,	 0.50265482457436694297, 1128379.16709551215171813965,	 0.46980613613439264897,	 0.06980613613439268228,	 0.69340543643085605918,	 30.54805605375843668980,	 44.05511472623791746628,	 137722.49547038527089171112,	 138692.92203715626965276897,	 0.00000000000000000000,	 0.00000000000000000000,	 -375.09186311381444056678,	 0.00000000000000000000,	 0.00000000000000000000,	 -18.75459315569072060725,	 0.04999999999999999584,	 0.06427424651903246300,	 0.00000000000000000000,	 0.00000000000000000000
6.59010000000000051301,	 34.54999999999999715783,	 0.39999999999999996669,	 0.50265482457436694297, 1128379.16709551215171813965,	 0.46970736301979770788,	 0.06970736301979774119,	 0.69311390079673540487,	 30.19977953237908607775,	 43.57116412997113030769,	 137485.43899712298298254609,	 138434.66216894341050647199,	 0.00000000000000000000,	 0.00000000000000000000,	 -371.04944533845554133222,	 0.00000000000000000000,	 0.00000000000000000000,	 -18.55247226692277706661,	 0.05000000000000000278,	 0.06357486980556192879,	 0.00000000000000000000,	 0.00000000000000000000
6.59120000000000061391,	 34.54999999999999715783,	 0.39999999999999996669,	 0.50265482457436694297, 1128379.16709551215171813965,	 0.46960663968605753649,	 0.06960663968605756979,	 0.69281667208381148004,	 29.85300486816145237867,	 43.08932805899635098967,	 137246.97275870965677313507,	 138175.31785499755642376840,	 0.00000000000000000000,	 0.00000000000000000000,	 -367.02486223621133376582,	 0.00000000000000000000,	 0.00000000000000000000,	 -18.35124311181056810938,	 0.05000000000000000278,	 0.06287856291039112255,	 0.00000000000000000000,	 0.00000000000000000000
6.59230000000000071481,	 34.54999999999999715783,	 0.39999999999999996669,	 0.50265482457436694297, 1128379.16709551215171813965,	 0.46950409752568544874,	 0.06950409752568548205,	 0.69251414160014723720,	 29.50809195055895273185,	 42.61009296124485246082,	 137007.40896348748356103897,	 137915.21897457045270130038,	 0.00000000000000000000,	 0.00000000000000000000,	 -363.02211789675595809967,	 0.00000000000000000000,	 0.00000000000000000000,	 -18.15110589483780145770,	 0.05000000000000000971,	 0.06218602373236442604,	 0.00000000000000000000,	 0.00000000000000000000
6.59339999999999992752,	 34.54999999999999715783,	 0.39999999999999996669,	 0.50265482457436694297, 1128379.16709551215171813965,	 0.46939986968736818751,	 0.06939986968736822082,	 0.69220670556018193409,	 29.16539142046453747525,	 42.13393367355762819670,	 136767.03858854793361388147,	 137654.67277195182396098971,	 0.00000000000000000000,	 0.00000000000000000000,	 -359.04512458957310627738,	 0.00000000000000000000,	 0.00000000000000000000,	 -17.95225622947865673495,	 0.05000000000000000278,	 0.06149793383779514344,	 0.00000000000000000000,	 0.00000000000000000000
6.59450000000000002842,	 34.54999999999999715783,	 0.39999999999999996669,	 0.50265482457436694297, 1128379.16709551215171813965,	 0.46929408985301235280,	 0.06929408985301238610,	 0.69189476145834638565,	 28.82524217222977469532,	 41.66131004008926908000,	 136526.13072803078102879226,	 137393.96310515899676829576,	 0.00000000000000000000,	 0.00000000000000000000,	 -355.09767491969068942126,	 0.00000000000000000000,	 0.00000000000000000000,	 -17.75488374598453589215,	 0.05000000000000000278,	 0.06081495360794100802,	 0.00000000000000000000,	 0.00000000000000000000
6.59560000000000012932,	 34.54999999999999715783,	 0.39999999999999996669,	 0.50265482457436694297, 1128379.16709551215171813965,	 0.46918688850809492363,	 0.06918688850809495694,	 0.69157869705875807398,	 28.48797403688931240140,	 41.19267143138868192409,	 136284.94660270831082016230,	 137133.36469253548420965672,	 0.00000000000000000000,	 0.00000000000000000000,	 -351.18348308812966251935,	 0.00000000000000000000,	 0.00000000000000000000,	 -17.55917415440648454705,	 0.05000000000000000278,	 0.06013772907040132454,	 0.00000000000000000000,	 0.00000000000000000000
6.59670000000000023022,	 34.54999999999999715783,	 0.39999999999999996669,	 0.50265482457436694297, 1128379.16709551215171813965,	 0.46907840593140004426,	 0.06907840593140007757,	 0.69125892867837712696,	 28.15390373207525342991,	 40.72844857990175171381,	 136043.79106885899091139436,	 136873.19433072183164767921,	 0.00000000000000000000,	 0.00000000000000000000,	 -347.30610546039969221965,	 0.00000000000000000000,	 0.00000000000000000000,	 -17.36530527301998461098,	 0.05000000000000000278,	 0.05946687913815940085,	 0.00000000000000000000,	 0.00000000000000000000
6.59780000000000033111,	 34.54999999999999715783,	 0.39999999999999996669,	 0.50265482457436694297, 1128379.16709551215171813965,	 0.46896877046594503957,	 0.06896877046594507288,	 0.69093583711488204546,	 27.82333161816546152068,	 40.26905267259898835164,	 135802.80254366027656942606,	 136613.60084523455589078367,	 0.00000000000000000000,	 0.00000000000000000000,	 -343.46894896723784995629,	 0.00000000000000000000,	 0.00000000000000000000,	 -17.17344744836189462944,	 0.05000000000000000278,	 0.05880299566638573505,	 0.00000000000000000000,	 0.00000000000000000000
6.59890000000000043201,	 34.54999999999999715783,	 0.39999999999999996669,	 0.50265482457436694297, 1128379.16709551215171813965,	 0.46885810861811066941,	 0.06885810861811070271,	 0.69060979742873718212,	 27.49653698215776742586,	 39.81486663602551345775,	 135562.16886294720461592078,	 136354.78066556944395415485,	 0.00000000000000000000,	 0.00000000000000000000,	 -339.67518875485711760120,	 0.00000000000000000000,	 0.00000000000000000000,	 -16.98375943774285801169,	 0.05000000000000000971,	 0.05814663003958490950,	 0.00000000000000000000,	 0.00000000000000000000
6.60000000000000053291,	 34.54999999999999715783,	 0.39999999999999996669,	 0.50265482457436694297, 1128379.16709551215171813965,	 0.46874654319790232115,	 0.06874654319790235446,	 0.69028117346350870154,	 27.17378222495041839579,	 39.36625141984542608498,	 135322.06022683423361741006,	 136096.91110225947340950370,	 0.00000000000000000000,	 0.00000000000000000000,	 -335.92782275281933834776,	 0.00000000000000000000,	 0.00000000000000000000,	 -16.79639113764096691739,	 0.05000000000000000278,	 0.05749830243017780423,	 0.00000000000000000000,	 0.00000000000000000000
6.60110000000000063380,	 34.54999999999999715783,	 0.39999999999999996669,	 0.50265482457436694297, 1128379.16709551215171813965,	 0.46863419271025857915,	 0.06863419271025861246,	 0.68995031605895318361,	 26.85531248475669841014,	 38.92354544912192437778,	 135082.62810091575374826789,	 135840.14929608069360256195,	 0.00000000000000000000,	 0.00000000000000000000,	 -332.22966701609925621597,	 0.00000000000000000000,	 0.00000000000000000000,	 -16.61148335080496352134,	 0.05000000000000000278,	 0.05685850099951586523,	 0.00000000000000000000,	 0.00000000000000000000
6.60220000000000073470,	 34.54999999999999715783,	 0.39999999999999996669,	 0.50265482457436694297, 1128379.16709551215171813965,	 0.46852117093039186146,	 0.06852117093039189477,	 0.68961756180968947216,	 26.54135566544913871212,	 38.48706462143960038702,	 134844.00712375019793398678,	 135584.63419533762498758733,	 0.00000000000000000000,	 0.00000000000000000000,	 -328.58335553982999499567,	 0.00000000000000000000,	 0.00000000000000000000,	 -16.42916777699150188141,	 0.05000000000000000971,	 0.05622768187954867158,	 0.00000000000000000000,	 0.00000000000000000000
6.60329999999999994742,	 34.54999999999999715783,	 0.39999999999999996669,	 0.50265482457436694297, 1128379.16709551215171813965,	 0.46840758656971287488,	 0.06840758656971290819,	 0.68928323209345510048,	 26.23212258392669937734,	 38.05710245446688588800,	 134606.31596879975404590368,	 135330.48749241465702652931,	 0.00000000000000000000,	 0.00000000000000000000,	 -324.99134126473302330851,	 0.00000000000000000000,	 0.00000000000000000000,	 -16.24956706323665045488,	 0.04999999999999999584,	 0.05560626936624718519,	 0.00000000000000000000,	 0.00000000000000000000
6.60440000000000004832,	 34.54999999999999715783,	 0.39999999999999996669,	 0.50265482457436694297, 1128379.16709551215171813965,	 0.46829354301960485207,	 0.06829354301960488538,	 0.68894763233094291621,	 25.92780722514634561549,	 37.63393037207168134728,	 134369.65821649352437816560,	 135077.81457411849987693131,	 0.00000000000000000000,	 0.00000000000000000000,	 -321.45589819073080661838,	 0.00000000000000000000,	 0.00000000000000000000,	 -16.07279490953654033092,	 0.05000000000000000278,	 0.05499465630904908781,	 0.00000000000000000000,	 0.00000000000000000000
6.60550000000000014921,	 34.54999999999999715783,	 0.39999999999999996669,	 0.50265482457436694297, 1128379.16709551215171813965,	 0.46817913816250139591,	 0.06817913816250142922,	 0.68861105144570422532,	 25.62858708553748243730,	 37.21779810494117413100,	 134134.12320438199094496667,	 134826.70545227208640426397,	 0.00000000000000000000,	 0.00000000000000000000,	 -317.97912440962431901426,	 0.00000000000000000000,	 0.00000000000000000000,	 -15.89895622048121559544,	 0.04999999999999999584,	 0.05439320466258486253,	 0.00000000000000000000,	 0.00000000000000000000
6.60660000000000025011,	 34.54999999999999715783,	 0.39999999999999996669,	 0.50265482457436694297, 1128379.16709551215171813965,	 0.46806446424267605932,	 0.06806446424267609263,	 0.68827376150134733646,	 25.33462358736210973120,	 36.80893418354219193134,	 133899.78685459680855274200,	 134577.23567246098536998034,	 0.00000000000000000000,	 0.00000000000000000000,	 -314.56294588053123106874,	 0.00000000000000000000,	 0.00000000000000000000,	 -15.72814729402656297452,	 0.05000000000000000278,	 0.05380224616941569477,	 0.00000000000000000000,	 0.00000000000000000000
6.60770000000000035101,	 34.54999999999999715783,	 0.39999999999999996669,	 0.50265482457436694297, 1128379.16709551215171813965,	 0.46794960778961625092,	 0.06794960778961628423,	 0.68793601749466071205,	 25.04606254894216021967,	 36.40754650433250816377,	 133666.71247446822235360742,	 134329.46719570079585537314,	 0.00000000000000000000,	 0.00000000000000000000,	 -311.20912079662087990073,	 0.00000000000000000000,	 0.00000000000000000000,	 -15.56045603983104363977,	 0.04999999999999999584,	 0.05322208314688417485,	 0.00000000000000000000,	 0.00000000000000000000
6.60880000000000045191,	 34.54999999999999715783,	 0.39999999999999996669,	 0.50265482457436694297, 1128379.16709551215171813965,	 0.46783464958736586947,	 0.06783464958736590278,	 0.68759805728484124643,	 24.76303469800430789860,	 36.01382295317638693177,	 133434.95152731909183785319,	 134083.44924917045864276588,	 0.00000000000000000000,	 0.00000000000000000000,	 -307.91924441629873854254,	 0.00000000000000000000,	 0.00000000000000000000,	 -15.39596222081493692713,	 0.05000000000000000278,	 0.05265298935550676018,	 0.00000000000000000000,	 0.00000000000000000000
6.60990000000000055280,	 34.54999999999999715783,	 0.39999999999999996669,	 0.50265482457436694297, 1128379.16709551215171813965,	 0.46771966468368503245,	 0.06771966468368506575,	 0.68726010164040829409,	 24.48565621536560854565,	 35.62793206956325775536,	 133204.54436858091503381729,	 133839.21914035762893036008,	 0.00000000000000000000,	 0.00000000000000000000,	 -304.69475422769011174751,	 0.00000000000000000000,	 0.00000000000000000000,	 -15.23473771138450594265,	 0.05000000000000000278,	 0.05209521092570894296,	 0.00000000000000000000,	 0.00000000000000000000
6.61100000000000065370,	 34.54999999999999715783,	 0.39999999999999996669,	 0.50265482457436694297, 1128379.16709551215171813965,	 0.46760472243319667340,	 0.06760472243319670671,	 0.68692235438636972678,	 24.21402929705232764945,	 35.25002373620932871745,	 132975.52094135107472538948,	 133596.80302805273095145822,	 0.00000000000000000000,	 0.00000000000000000000,	 -301.53693532250628095426,	 0.00000000000000000000,	 0.00000000000000000000,	 -15.07684676612531404771,	 0.05000000000000000278,	 0.05154896732103894652,	 0.00000000000000000000,	 0.00000000000000000000
6.61210000000000075460,	 34.54999999999999715783,	 0.39999999999999996669,	 0.50265482457436694297, 1128379.16709551215171813965,	 0.46748988656905349215,	 0.06748988656905352546,	 0.68658500263532051822,	 23.94824272432241940578,	 34.88022988035251614747,	 132747.90142799180466681719,	 133356.21664624492404982448,	 0.00000000000000000000,	 0.00000000000000000000,	 -298.44692586906108999756,	 0.00000000000000000000,	 0.00000000000000000000,	 -14.92234629345305663151,	 0.05000000000000000971,	 0.05101445231842977740,	 0.00000000000000000000,	 0.00000000000000000000
6.61319999999999996732,	 34.54999999999999715783,	 0.39999999999999996669,	 0.50265482457436694297, 1128379.16709551215171813965,	 0.46737521529810133192,	 0.06737521529810136522,	 0.68624821708748484639,	 23.68837243262115777043,	 34.51866517505472131688,	 132521.69685634516645222902,	 133117.46597907893010415137,	 0.00000000000000000000,	 0.00000000000000000000,	 -295.42572259025780567754,	 0.00000000000000000000,	 0.00000000000000000000,	 -14.77128612951289099442,	 0.05000000000000000278,	 0.05049183498891605254,	 0.00000000000000000000,	 0.00000000000000000000
6.61430000000000006821,	 34.54999999999999715783,	 0.39999999999999996669,	 0.50265482457436694297, 1128379.16709551215171813965,	 0.46726076141500327843,	 0.06726076141500331174,	 0.68591215238619507311,	 23.43448207217732814911,	 34.16542773101767238586,	 132296.90966140993987210095,	 132880.54788743163226172328,	 0.00000000000000000000,	 0.00000000000000000000,	 -292.47418617009213903657,	 0.00000000000000000000,	 0.00000000000000000000,	 -14.62370930850460837291,	 0.05000000000000000278,	 0.04998126066532960349,	 0.00000000000000000000,	 0.00000000000000000000
6.61540000000000016911,	 34.54999999999999715783,	 0.39999999999999996669,	 0.50265482457436694297, 1128379.16709551215171813965,	 0.46714657243132040598,	 0.06714657243132043929,	 0.68557694751688680324,	 23.18662355461955115743,	 33.82059977162290920205,	 132073.53420506094698794186,	 132645.45068951710709370673,	 0.00000000000000000000,	 0.00000000000000000000,	 -289.59304653012469543683,	 0.00000000000000000000,	 0.00000000000000000000,	 -14.47965232650623512711,	 0.05000000000000000278,	 0.04948285188663927719,	 0.00000000000000000000,	 0.00000000000000000000
6.61650000000000027001,	 34.54999999999999715783,	 0.39999999999999996669,	 0.50265482457436694297, 1128379.16709551215171813965,	 0.46703269071616998476,	 0.06703269071617001806,	 0.68524272623956294925,	 22.94483758237938531011,	 33.48424828716503753867,	 131851.55726250130101107061,	 132412.15470417955657467246,	 0.00000000000000000000,	 0.00000000000000000000,	 -286.78290794435571342547,	 0.00000000000000000000,	 0.00000000000000000000,	 -14.33914539721778602654,	 0.05000000000000000278,	 0.04899670931328961587,	 0.00000000000000000000,	 0.00000000000000000000
6.61760000000000037090,	 34.54999999999999715783,	 0.39999999999999996669,	 0.50265482457436694297, 1128379.16709551215171813965,	 0.46691915364576280778,	 0.06691915364576284109,	 0.68490959754669844539,	 22.70915415895723654671,	 33.15642566595641937965,	 131630.95847773674177005887,	 132180.63275920780142769217,	 0.00000000000000000000,	 0.00000000000000000000,	 -284.04425397473573866591,	 0.00000000000000000000,	 0.00000000000000000000,	 -14.20221269873678693330,	 0.05000000000000000278,	 0.04852291261032094793,	 0.00000000000000000000,	 0.00000000000000000000
6.61870000000000047180,	 34.54999999999999715783,	 0.39999999999999996669,	 0.50265482457436694297, 1128379.16709551215171813965,	 0.46680599375990566857,	 0.06680599375990570188,	 0.68457765614089072237,	 22.47959308090898744581,	 32.83717030385013657678,	 131411.71079841314349323511,	 131950.85067519516451284289,	 0.00000000000000000000,	 0.00000000000000000000,	 -281.37745224187864323540,	 0.00000000000000000000,	 0.00000000000000000000,	 -14.06887261209393358286,	 0.05000000000000000278,	 0.04806152130064660771,	 0.00000000000000000000,	 0.00000000000000000000
6.61980000000000057270,	 34.54999999999999715783,	 0.39999999999999996669,	 0.50265482457436694297, 1128379.16709551215171813965,	 0.46669323892405117915,	 0.06669323892405121246,	 0.68424698292802421662,	 22.25616441392810784805,	 32.52650719582234017935,	 131193.78090465147397480905,	 131722.76773983141174539924,	 0.00000000000000000000,	 0.00000000000000000000,	 -278.78275906298824793339,	 0.00000000000000000000,	 0.00000000000000000000,	 -13.93913795314941239667,	 0.05000000000000000278,	 0.04761257559388457766,	 0.00000000000000000000,	 0.00000000000000000000
6.62090000000000067359,	 34.54999999999999715783,	 0.39999999999999996669,	 0.50265482457436694297, 1128379.16709551215171813965,	 0.46658091249565186720,	 0.06658091249565190051,	 0.68391764552225520202,	 22.03886895300785653262,	 32.22444850970100560517,	 130977.12963918292371090502,	 131496.33718006010167300701,	 0.00000000000000000000,	 0.00000000000000000000,	 -276.26032395829145116295,	 0.00000000000000000000,	 0.00000000000000000000,	 -13.81301619791457291342,	 0.05000000000000000278,	 0.04717609719091672704,	 0.00000000000000000000,	 0.00000000000000000000
6.62199999999999988631,	 34.54999999999999715783,	 0.39999999999999996669,	 0.50265482457436694297, 1128379.16709551215171813965,	 0.46646903349482188306,	 0.06646903349482191636,	 0.68358969876278319333,	 21.82769866848003559312,	 31.93099414456595397382,	 130761.71241168105916585773,	 131271.50660521120880730450,	 0.00000000000000000000,	 0.00000000000000000000,	 -273.81019404727885557804,	 0.00000000000000000000,	 0.00000000000000000000,	 -13.69050970236394526580,	 0.05000000000000000971,	 0.04675209006784117327,	 0.00000000000000000000,	 0.00000000000000000000
6.62309999999999998721,	 34.54999999999999715783,	 0.39999999999999996669,	 0.50265482457436694297, 1128379.16709551215171813965,	 0.46635761677979742368,	 0.06635761677979745699,	 0.68326318524381302044,	 21.62263715427642551958,	 31.64613229755776657726,	 130547.47967358150344807655,	 131048.21851827876525931060,	 0.00000000000000000000,	 0.00000000000000000000,	 -271.43231853764518746175,	 0.00000000000000000000,	 0.00000000000000000000,	 -13.57161592688225937309,	 0.05000000000000000278,	 0.04634054127401612128,	 0.00000000000000000000,	 0.00000000000000000000
6.62420000000000008811,	 34.54999999999999715783,	 0.39999999999999996669,	 0.50265482457436694297, 1128379.16709551215171813965,	 0.46624667322582408202,	 0.06624667322582411533,	 0.68293813585365903407,	 21.42366005929599737101,	 31.36984001122861442923,	 130334.37735230808902997524,	 130826.41078347312577534467,	 0.00000000000000000000,	 0.00000000000000000000,	 -269.12655306848529335184,	 0.00000000000000000000,	 0.00000000000000000000,	 -13.45632765342426573341,	 0.05000000000000000278,	 0.04594142170343614578,	 0.00000000000000000000,	 0.00000000000000000000
6.62530000000000018900,	 34.54999999999999715783,	 0.39999999999999996669,	 0.50265482457436694297, 1128379.16709551215171813965,	 0.46613620991082410638,	 0.06613620991082413969,	 0.68261457033279093753,	 21.23073553166628713029,	 31.10208374444131251835,	 130122.34732911367609631270,	 130606.01713573679444380105,	 0.00000000000000000000,	 0.00000000000000000000,	 -266.89266427417351223994,	 0.00000000000000000000,	 0.00000000000000000000,	 -13.34463321370867561200,	 0.05000000000000000278,	 0.04555468690220691730,	 0.00000000000000000000,	 0.00000000000000000000
6.62640000000000028990,	 34.54999999999999715783,	 0.39999999999999996669,	 0.50265482457436694297, 1128379.16709551215171813965,	 0.46602623030314277441,	 0.06602623030314280772,	 0.68229249783702572429,	 21.04382464295286325751,	 30.84281991911839782006,	 129911.32791450311196967959,	 130386.96768478470039553940,	 0.00000000000000000000,	 0.00000000000000000000,	 -264.73033416214036606107,	 0.00000000000000000000,	 0.00000000000000000000,	 -13.23651670810701830305,	 0.05000000000000000278,	 0.04518027784246942541,	 0.00000000000000000000,	 0.00000000000000000000
6.62750000000000039080,	 34.54999999999999715783,	 0.39999999999999996669,	 0.50265482457436694297, 1128379.16709551215171813965,	 0.46591673445718367885,	 0.06591673445718371216,	 0.68197191752286867583,	 20.86288182883285458047,	 30.59199549537647300212,	 129701.25433998723747208714,	 130169.18943418181152082980,	 0.00000000000000000000,	 0.00000000000000000000,	 -262.63916475133851236023,	 0.00000000000000000000,	 0.00000000000000000000,	 -13.13195823756692526274,	 0.04999999999999999584,	 0.04481812173937677751,	 0.00000000000000000000,	 0.00000000000000000000
6.62860000000000049170,	 34.54999999999999715783,	 0.39999999999999996669,	 0.50265482457436694297, 1128379.16709551215171813965,	 0.46580771920893859761,	 0.06580771920893863092,	 0.68165281913158037863,	 20.68785528907732640391,	 30.34954849219793260318,	 129492.05916657386114820838,	 129952.60671341400302480906,	 0.00000000000000000000,	 0.00000000000000000000,	 -260.61868226434103235079,	 0.00000000000000000000,	 0.00000000000000000000,	 -13.03093411321705197281,	 0.05000000000000000278,	 0.04446813279010696646,	 0.00000000000000000000,	 0.00000000000000000000
6.62970000000000059259,	 34.54999999999999715783,	 0.39999999999999996669,	 0.50265482457436694297, 1128379.16709551215171813965,	 0.46569917837731106269,	 0.06569917837731109600,	 0.68133518358923850222,	 20.51868741477252200411,	 30.11540855219179846358,	 129283.67282800223620142788,	 129737.14174413494765758514,	 0.00000000000000000000,	 0.00000000000000000000,	 -258.66834171472117986923,	 0.00000000000000000000,	 0.00000000000000000000,	 -12.93341708573606041455,	 0.05000000000000000278,	 0.04413021297891272371,	 0.00000000000000000000,	 0.00000000000000000000
6.63080000000000069349,	 34.54999999999999715783,	 0.39999999999999996669,	 0.50265482457436694297, 1128379.16709551215171813965,	 0.46559110296644790061,	 0.06559110296644793392,	 0.68101898360878598826,	 20.35531517442488791403,	 29.88949745065855267967,	 129076.02399252261966466904,	 129522.71502144908299669623,	 0.00000000000000000000,	 0.00000000000000000000,	 -256.78753103503777310834,	 0.00000000000000000000,	 0.00000000000000000000,	 -12.83937655175189007650,	 0.05000000000000000278,	 0.04380425280218996215,	 0.00000000000000000000,	 0.00000000000000000000
6.63189999999999990621,	 34.54999999999999715783,	 0.39999999999999996669,	 0.50265482457436694297, 1128379.16709551215171813965,	 0.46548348136737477398,	 0.06548348136737480729,	 0.68070418428909251762,	 20.19767048948246568330,	 29.67172959363591999704,	 128869.03998770496400538832,	 129309.24575624389399308711,	 0.00000000000000000000,	 0.00000000000000000000,	 -254.97557512867382456534,	 0.00000000000000000000,	 0.00000000000000000000,	 -12.74877875643369229408,	 0.05000000000000000278,	 0.04349013197898982108,	 0.00000000000000000000,	 0.00000000000000000000
6.63300000000000000711,	 34.54999999999999715783,	 0.39999999999999996669,	 0.50265482457436694297, 1128379.16709551215171813965,	 0.46537629955977083407,	 0.06537629955977086738,	 0.68039074371348950976,	 20.04568059717135852793,	 29.46201250147008821045,	 128662.64719822899496648461,	 129096.65228854738234076649,	 0.00000000000000000000,	 0.00000000000000000000,	 -253.23173981434024426562,	 0.00000000000000000000,	 0.00000000000000000000,	 -12.66158699071701221328,	 0.05000000000000000278,	 0.04318772014178079433,	 0.00000000000000000000,	 0.00000000000000000000
6.63410000000000010800,	 34.54999999999999715783,	 0.39999999999999996669,	 0.50265482457436694297, 1128379.16709551215171813965,	 0.46526954131253184244,	 0.06526954131253187574,	 0.68007861354385235053,	 19.89926839595445429154,	 29.26024727091542843027,	 128456.77144055363896768540,	 128884.85247573119704611599,	 0.00000000000000000000,	 0.00000000000000000000,	 -251.55523560275932482000,	 0.00000000000000000000,	 0.00000000000000000000,	 -12.57776178013796730681,	 0.05000000000000000278,	 0.04289687749717375348,	 0.00000000000000000000,	 0.00000000000000000000
6.63520000000000020890,	 34.54999999999999715783,	 0.39999999999999996669,	 0.50265482457436694297, 1128379.16709551215171813965,	 0.46516318838221909493,	 0.06516318838221912824,	 0.67976773960761271987,	 19.75835277336726392150,	 29.06632901521999556849,	 128251.33831756138533819467,	 128673.76405877189245074987,	 0.00000000000000000000,	 0.00000000000000000000,	 -249.94522130015613470277,	 0.00000000000000000000,	 0.00000000000000000000,	 -12.49726106500780886677,	 0.05000000000000000971,	 0.04261745545575285066,	 0.00000000000000000000,	 0.00000000000000000000
6.63630000000000030980,	 34.54999999999999715783,	 0.39999999999999996669,	 0.50265482457436694297, 1128379.16709551215171813965,	 0.46505722070875793461,	 0.06505722070875796792,	 0.67945806247587403615,	 19.62284891710165624090,	 28.88014728325991242741,	 128046.27355604121112264693,	 128463.30500959260098170489,	 0.00000000000000000000,	 0.00000000000000000000,	 -248.40080744684192382010,	 0.00000000000000000000,	 0.00000000000000000000,	 -12.42004037234209690155,	 0.05000000000000000278,	 0.04234929723249691164,	 0.00000000000000000000,	 0.00000000000000000000
6.63740000000000041069,	 34.54999999999999715783,	 0.39999999999999996669,	 0.50265482457436694297, 1128379.16709551215171813965,	 0.46495161660706857409,	 0.06495161660706860740,	 0.67914951802880907383,	 19.49266860399632150802,	 28.70158644972999084644,	 127841.50330768339335918427,	 128253.39384004905878100544,	 0.00000000000000000000,	 0.00000000000000000000,	 -246.92105952164700966023,	 0.00000000000000000000,	 0.00000000000000000000,	 -12.34605297608235119355,	 0.05000000000000000278,	 0.04209223840602765998,	 0.00000000000000000000,	 0.00000000000000000000
6.63850000000000051159,	 34.54999999999999715783,	 0.39999999999999996669,	 0.50265482457436694297, 1128379.16709551215171813965,	 0.46484635295656773213,	 0.06484635295656776544,	 0.67884203801404119361,	 19.36772049148405727692,	 28.53052611200170574079,	 127636.95450494685792364180,	 128043.94996506065945141017,	 0.00000000000000000000,	 0.00000000000000000000,	 -245.50500121632592254173,	 0.00000000000000000000,	 0.00000000000000000000,	 -12.27525006081629754817,	 0.05000000000000000278,	 0.04184610748871810809,	 0.00000000000000000000,	 0.00000000000000000000
6.63960000000000061249,	 34.54999999999999715783,	 0.39999999999999996669,	 0.50265482457436694297, 1128379.16709551215171813965,	 0.46474140538451053084,	 0.06474140538451056415,	 0.67853555058626568997,	 19.24791036849087788596,	 28.36684143057850349123,	 127432.55508537546847946942,	 127834.89393174926226492971,	 0.00000000000000000000,	 0.00000000000000000000,	 -244.15161723848370911583,	 0.00000000000000000000,	 0.00000000000000000000,	 -12.20758086192418723215,	 0.05000000000000000971,	 0.04161072641526271376,	 0.00000000000000000000,	 0.00000000000000000000
6.64070000000000071338,	 34.54999999999999715783,	 0.39999999999999996669,	 0.50265482457436694297, 1128379.16709551215171813965,	 0.46463674845025110249,	 0.06463674845025113580,	 0.67822998084881847003,	 19.13314146025060580314,	 28.21040355117462539170,	 127228.23451200989075005054,	 127626.14794626994989812374,	 0.00000000000000000000,	 0.00000000000000000000,	 -242.85985682594045442784,	 0.00000000000000000000,	 0.00000000000000000000,	 -12.14299284129702272139,	 0.05000000000000000278,	 0.04138591115174423962,	 0.00000000000000000000,	 0.00000000000000000000
6.64179999999999992610,	 34.54999999999999715783,	 0.39999999999999996669,	 0.50265482457436694297, 1128379.16709551215171813965,	 0.46453235583509083773,	 0.06453235583509087103,	 0.67792525141083148643,	 19.02331474590098991939,	 28.06108004726411309093,	 127023.92415569542208686471,	 127417.63626240490702912211,	 0.00000000000000000000,	 0.00000000000000000000,	 -241.62863744393987985859,	 0.00000000000000000000,	 0.00000000000000000000,	 -12.08143187219699399293,	 0.05000000000000000278,	 0.04117147233530080858,	 0.00000000000000000000,	 0.00000000000000000000
6.64290000000000002700,	 34.54999999999999715783,	 0.39999999999999996669,	 0.50265482457436694297, 1128379.16709551215171813965,	 0.46442820052401379005,	 0.06442820052401382336,	 0.67762128291998169338,	 18.91832920159141906424,	 27.91873525587806526005,	 126819.55743339381297118962,	 127209.28532253771845716983,	 0.00000000000000000000,	 0.00000000000000000000,	 -240.45684757624442795532,	 0.00000000000000000000,	 0.00000000000000000000,	 -12.02284237881222139777,	 0.05000000000000000278,	 0.04096721575828712880,	 0.00000000000000000000,	 0.00000000000000000000
6.64400000000000012790,	 34.54999999999999715783,	 0.39999999999999996669,	 0.50265482457436694297, 1128379.16709551215171813965,	 0.46432425497691576233,	 0.06432425497691579563,	 0.67731799456389851777,	 18.81808201197312868658,	 27.78323056969634663460,	 126615.06997447401226963848,	 127001.02392491846694611013,	 0.00000000000000000000,	 0.00000000000000000000,	 -239.34334915222220274700,	 0.00000000000000000000,	 0.00000000000000000000,	 -11.96716745761111155844,	 0.05000000000000000278,	 0.04077294278936562100,	 0.00000000000000000000,	 0.00000000000000000000
6.64510000000000022879,	 34.54999999999999715783,	 0.39999999999999996669,	 0.50265482457436694297, 1128379.16709551215171813965,	 0.46422049129130632528,	 0.06422049129130635858,	 0.67701530454606340115,	 18.72246876646837066005,	 27.65442470908649141847,	 126410.39979055580624844879,	 126792.78339355107164010406,	 0.00000000000000000000,	 0.00000000000000000000,	 -238.28697981134888550514,	 0.00000000000000000000,	 0.00000000000000000000,	 -11.91434899056744356471,	 0.04999999999999999584,	 0.04058845076603861263,	 0.00000000000000000000,	 0.00000000000000000000
6.64620000000000032969,	 34.54999999999999715783,	 0.39999999999999996669,	 0.50265482457436694297, 1128379.16709551215171813965,	 0.46411688135711082204,	 0.06411688135711085534,	 0.67671313053807224946,	 18.63138364323741313910,	 27.53217397809780209172,	 126205.48743775553884916008,	 126584.49773973565606866032,	 0.00000000000000000000,	 0.00000000000000000000,	 -237.28655503839263474219,	 0.00000000000000000000,	 0.00000000000000000000,	 -11.86432775191963173711,	 0.05000000000000000278,	 0.04041353336439573035,	 0.00000000000000000000,	 0.00000000000000000000
6.64730000000000043059,	 34.54999999999999715783,	 0.39999999999999996669,	 0.50265482457436694297, 1128379.16709551215171813965,	 0.46401339700393207099,	 0.06401339700393210430,	 0.67641139010935580345,	 18.54471958330919889590,	 27.41633250781164932164,	 126000.27616991841932758689,	 126376.10381400785990990698,	 0.00000000000000000000,	 0.00000000000000000000,	 -236.34087019758459291552,	 0.00000000000000000000,	 0.00000000000000000000,	 -11.81704350987923035632,	 0.05000000000000000278,	 0.04024798095098228862,	 0.00000000000000000000,	 0.00000000000000000000
6.64840000000000053149,	 34.54999999999999715783,	 0.39999999999999996669,	 0.50265482457436694297, 1128379.16709551215171813965,	 0.46391001014106891809,	 0.06391001014106895139,	 0.67611000113525843158,	 18.46236845700175877028,	 27.30675248998171511516,	 125794.71208248057519085705,	 126167.54144825514231342822,	 0.00000000000000000000,	 0.00000000000000000000,	 -235.44870249019280095126,	 0.00000000000000000000,	 0.00000000000000000000,	 -11.77243512450964146865,	 0.05000000000000000278,	 0.04009158092102080295,	 0.00000000000000000000,	 0.00000000000000000000
6.64950000000000063238,	 34.54999999999999715783,	 0.39999999999999996669,	 0.50265482457436694297, 1128379.16709551215171813965,	 0.46380669289053438886,	 0.06380669289053442217,	 0.67580888218422197067,	 18.38422122428913851877,	 27.20328440323413232704,	 125588.74424639058997854590,	 125958.75358755221532192081,	 0.00000000000000000000,	 0.00000000000000000000,	 -234.60881285432017762105,	 0.00000000000000000000,	 0.00000000000000000000,	 -11.73044064271600994687,	 0.05000000000000000278,	 0.03994411802625389557,	 0.00000000000000000000,	 0.00000000000000000000
6.65060000000000073328,	 34.54999999999999715783,	 0.39999999999999996669,	 0.50265482457436694297, 1128379.16709551215171813965,	 0.46370341771325973568,	 0.06370341771325976898,	 0.67550795288464837718,	 18.31016809030870717834,	 27.10577723344050937726,	 125382.32483126626175362617,	 125749.68641098070656880736,	 0.00000000000000000000,	 0.00000000000000000000,	 -233.81994782019836520703,	 0.00000000000000000000,	 0.00000000000000000000,	 -11.69099739100991897089,	 0.05000000000000000278,	 0.03980537469472239520,	 0.00000000000000000000,	 0.00000000000000000000
6.65169999999999994600,	 34.54999999999999715783,	 0.39999999999999996669,	 0.50265482457436694297, 1128379.16709551215171813965,	 0.46360015752860567195,	 0.06360015752860570526,	 0.67520713427182477151,	 18.24009865673513175466,	 27.01407868921011257157,	 125175.40921676863217726350,	 125540.28944048205448780209,	 0.00000000000000000000,	 0.00000000000000000000,	 -233.08084132860332715609,	 0.00000000000000000000,	 0.00000000000000000000,	 -11.65404206643016671308,	 0.05000000000000000278,	 0.03967513134382225776,	 0.00000000000000000000,	 0.00000000000000000000
6.65280000000000004690,	 34.54999999999999715783,	 0.39999999999999996669,	 0.50265482457436694297, 1128379.16709551215171813965,	 0.46349688582723846952,	 0.06349688582723850283,	 0.67490634911510938299,	 18.17390206931301221971,	 26.92803541282635393372,	 124967.95609119707660283893,	 125330.51563679429818876088,	 0.00000000000000000000,	 0.00000000000000000000,	 -232.39021651475241014850,	 0.00000000000000000000,	 0.00000000000000000000,	 -11.61951082573762050743,	 0.05000000000000000278,	 0.03955316668707967165,	 0.00000000000000000000,	 0.00000000000000000000
6.65390000000000014779,	 34.54999999999999715783,	 0.39999999999999996669,	 0.50265482457436694297, 1128379.16709551215171813965,	 0.46339357677739984043,	 0.06339357677739987373,	 0.67460552222548864076,	 18.11146716181375992960,	 26.84749318692940533992,	 124759.92753737171005923301,	 125120.32148258281813468784,	 0.00000000000000000000,	 0.00000000000000000000,	 -231.74678745990578931924,	 0.00000000000000000000,	 0.00000000000000000000,	 -11.58733937299528982123,	 0.05000000000000000278,	 0.03943925803505499844,	 0.00000000000000000000,	 0.00000000000000000000
6.65500000000000024869,	 34.54999999999999715783,	 0.39999999999999996669,	 0.50265482457436694297, 1128379.16709551215171813965,	 0.46329020532463294213,	 0.06329020532463297544,	 0.67430458074371490973,	 18.05268259703225908197,	 26.77229713777311559397,	 124551.28910702888970263302,	 124909.66705404549429658800,	 0.00000000000000000000,	 0.00000000000000000000,	 -231.14926091747133796162,	 0.00000000000000000000,	 0.00000000000000000000,	 -11.55746304587356831917,	 0.05000000000000000278,	 0.03933318159156208582,	 0.00000000000000000000,	 0.00000000000000000000
6.65610000000000034959,	 34.54999999999999715783,	 0.39999999999999996669,	 0.50265482457436694297, 1128379.16709551215171813965,	 0.46318674728508235638,	 0.06318674728508238969,	 0.67400345440939024577,	 17.99743700556458492201,	 26.70229193607801221333,	 124342.00988480768864974380,	 124698.51608212746214121580,	 0.00000000000000000000,	 0.00000000000000000000,	 -230.59633802210905173524,	 0.00000000000000000000,	 0.00000000000000000000,	 -11.52981690110545365258,	 0.05000000000000000278,	 0.03923471274667652414,	 0.00000000000000000000,	 0.00000000000000000000
6.65720000000000045048,	 34.54999999999999715783,	 0.39999999999999996669,	 0.50265482457436694297, 1128379.16709551215171813965,	 0.46308317943249682758,	 0.06308317943249686088,	 0.67370207581139951447,	 17.94561912284133242679,	 26.63732199611797568650,	 124132.06254180098767392337,	 124486.83600336342351511121,	 0.00000000000000000000,	 0.00000000000000000000,	 -230.08671598706490613040,	 0.00000000000000000000,	 0.00000000000000000000,	 -11.50433579935324601706,	 0.05000000000000000278,	 0.03914362636744581070,	 0.00000000000000000000,	 0.00000000000000000000
6.65830000000000055138,	 34.54999999999999715783,	 0.39999999999999996669,	 0.50265482457436694297, 1128379.16709551215171813965,	 0.46297947957902313432,	 0.06297947957902316762,	 0.67340038061996732033,	 17.89711792449930172211,	 26.57723167311293721582,	 123921.42337768182915169746,	 124274.59799938499054405838,	 0.00000000000000000000,	 0.00000000000000000000,	 -229.61908979014808096508,	 0.00000000000000000000,	 0.00000000000000000000,	 -11.48095448950740582461,	 0.05000000000000000971,	 0.03905969708638973303,	 0.00000000000000000000,	 0.00000000000000000000
6.65940000000000065228,	 34.54999999999999715783,	 0.39999999999999996669,	 0.50265482457436694297, 1128379.16709551215171813965,	 0.46287562664981685145,	 0.06287562664981688476,	 0.67309830780044155318,	 17.85182275976947963159,	 26.52186545841405163060,	 123710.07235043792752549052,	 124061.77702413503720890731,	 0.00000000000000000000,	 0.00000000000000000000,	 -229.19215384376983024595,	 0.00000000000000000000,	 0.00000000000000000000,	 -11.45960769218849151230,	 0.05000000000000000278,	 0.03898269958702386268,	 0.00000000000000000000,	 0.00000000000000000000
6.66050000000000075318,	 34.54999999999999715783,	 0.39999999999999996669,	 0.50265482457436694297, 1128379.16709551215171813965,	 0.46277160075145978846,	 0.06277160075145982177,	 0.67279579980879045120,	 17.80962348230767489099,	 26.47106817160451441850,	 123497.99309308294323273003,	 123848.35181815580290276557,	 0.00000000000000000000,	 0.00000000000000000000,	 -228.80460364136564521687,	 0.00000000000000000000,	 0.00000000000000000000,	 -11.44023018206828368193,	 0.05000000000000000278,	 0.03891240888510869023,	 0.00000000000000000000,	 0.00000000000000000000
6.66159999999999996589,	 34.54999999999999715783,	 0.39999999999999996669,	 0.50265482457436694297, 1128379.16709551215171813965,	 0.46266738323414557943,	 0.06266738323414561274,	 0.67249280276872658302,	 17.77041057793974587753,	 26.42468514871388762799,	 123285.17291686969110742211,	 123634.30490947402722667903,	 0.00000000000000000000,	 0.00000000000000000000,	 -228.45513737319967617623,	 0.00000000000000000000,	 0.00000000000000000000,	 -11.42275686865998451935,	 0.05000000000000000278,	 0.03884860060443935670,	 0.00000000000000000000,	 0.00000000000000000000
6.66270000000000006679,	 34.54999999999999715783,	 0.39999999999999996669,	 0.50265482457436694297, 1128379.16709551215171813965,	 0.46256295674758535208,	 0.06256295674758538539,	 0.67218926663033784497,	 17.73407528901148566547,	 26.38256242607354806751,	 123071.60280083749967161566,	 123419.62260092033830005676,	 0.00000000000000000000,	 0.00000000000000000000,	 -228.14245750742355767215,	 0.00000000000000000000,	 0.00000000000000000000,	 -11.40712287537117752834,	 0.04999999999999999584,	 0.03879105124647769937,	 0.00000000000000000000,	 0.00000000000000000000
6.66380000000000016769,	 34.54999999999999715783,	 0.39999999999999996669,	 0.50265482457436694297, 1128379.16709551215171813965,	 0.46245830529059439584,	 0.06245830529059442915,	 0.67188514531013465714,	 17.70050973524047321916,	 26.34454691965263961606,	 122857.27736806728353258222,	 123204.29494426817109342664,	 0.00000000000000000000,	 0.00000000000000000000,	 -227.86527233497119482308,	 0.00000000000000000000,	 0.00000000000000000000,	 -11.39326361674856080697,	 0.05000000000000000278,	 0.03873953845358795584,	 0.00000000000000000000,	 0.00000000000000000000
6.66490000000000026859,	 34.54999999999999715783,	 0.39999999999999996669,	 0.50265482457436694297, 1128379.16709551215171813965,	 0.46235341425434733909,	 0.06235341425434737239,	 0.67158039681250070174,	 17.66960703124996001634,	 26.31048660013695794646,	 122642.19484873452165629715,	 122988.31570130251930095255,	 0.00000000000000000000,	 0.00000000000000000000,	 -227.62229748054315336958,	 0.00000000000000000000,	 0.00000000000000000000,	 -11.38111487402715837902,	 0.05000000000000000278,	 0.03869384126626038839,	 0.00000000000000000000,	 0.00000000000000000000
6.66600000000000036948,	 34.54999999999999715783,	 0.39999999999999996669,	 0.50265482457436694297, 1128379.16709551215171813965,	 0.46224827045749361520,	 0.06224827045749364851,	 0.67127498332731672104,	 17.64126143048254746759,	 26.28023070819635975681,	 122426.35687294903618749231,	 122771.68213598705187905580,	 0.00000000000000000000,	 0.00000000000000000000,	 -227.41225776517407553001,	 0.00000000000000000000,	 0.00000000000000000000,	 -11.37061288825870519759,	 0.05000000000000000971,	 0.03865374043977049673,	 0.00000000000000000000,	 0.00000000000000000000
6.66710000000000047038,	 34.54999999999999715783,	 0.39999999999999996669,	 0.50265482457436694297, 1128379.16709551215171813965,	 0.46214286206420790437,	 0.06214286206420793768,	 0.67096887098749946610,	 17.61536971719166544403,	 26.25363184325707521793,	 122209.76232399517903104424,	 122554.38891647581476718187,	 0.00000000000000000000,	 0.00000000000000000000,	 -227.23390534253906025697,	 0.00000000000000000000,	 0.00000000000000000000,	 -11.36169526712695265758,	 0.04999999999999999584,	 0.03861902152168199265,	 0.00000000000000000000,	 0.00000000000000000000
6.66820000000000057128,	 34.54999999999999715783,	 0.39999999999999996669,	 0.50265482457436694297, 1128379.16709551215171813965,	 0.46203717729085708177,	 0.06203717729085711508,	 0.67066202611012060153,	 17.59183225841850628512,	 26.23054768800937353035,	 121992.04787687871430534869,	 122336.06869288517918903381,	 0.00000000000000000000,	 0.00000000000000000000,	 -227.08603529968308976095,	 0.00000000000000000000,	 0.00000000000000000000,	 -11.35430176498415555386,	 0.05000000000000000278,	 0.03858947744596095963,	 0.00000000000000000000,	 0.00000000000000000000
6.66930000000000067217,	 34.54999999999999715783,	 0.39999999999999996669,	 0.50265482457436694297, 1128379.16709551215171813965,	 0.46193117540281247724,	 0.06193117540281251054,	 0.67035433101760166785,	 17.57053063067122522511,	 26.21081093635817893528,	 121774.35199182084761559963,	 122117.85529679160390514880,	 0.00000000000000000000,	 0.00000000000000000000,	 -226.96723955469661859752,	 0.00000000000000000000,	 0.00000000000000000000,	 -11.34836197773483057460,	 0.04999999999999999584,	 0.03856486550188938101,	 0.00000000000000000000,	 0.00000000000000000000
6.67039999999999988489,	 34.54999999999999715783,	 0.39999999999999996669,	 0.50265482457436694297, 1128379.16709551215171813965,	 0.46182492591332285903,	 0.06182492591332289233,	 0.67004598805234072412,	 17.55137479413110312976,	 26.19428383587318265313,	 121555.68912194765289314091,	 121898.75937478480045683682,	 0.00000000000000000000,	 0.00000000000000000000,	 -226.87631061983370273083,	 0.00000000000000000000,	 0.00000000000000000000,	 -11.34381553099168549181,	 0.05000000000000000278,	 0.03854498176161086365,	 0.00000000000000000000,	 0.00000000000000000000
6.67149999999999998579,	 34.54999999999999715783,	 0.39999999999999996669,	 0.50265482457436694297, 1128379.16709551215171813965,	 0.46171837958804529123,	 0.06171837958804532454,	 0.66973685487832723684,	 17.53426773039517172492,	 26.18083147534215626706,	 121336.23664810512855183333,	 121678.95461647526826709509,	 0.00000000000000000000,	 0.00000000000000000000,	 -226.81212299758337280764,	 0.00000000000000000000,	 0.00000000000000000000,	 -11.34060614987916970620,	 0.05000000000000000278,	 0.03852963135290912028,	 0.00000000000000000000,	 0.00000000000000000000
6.67260000000000008669,	 34.54999999999999715783,	 0.39999999999999996669,	 0.50265482457436694297, 1128379.16709551215171813965,	 0.46161153261848747453,	 0.06161153261848750784,	 0.66942692104559553545,	 17.51911228876822690381,	 26.17031335011843395932,	 121116.10620793353882618248,	 121458.54885835523600690067,	 0.00000000000000000000,	 0.00000000000000000000,	 -226.77347943772161897869,	 0.00000000000000000000,	 0.00000000000000000000,	 -11.33867397188608094893,	 0.05000000000000000278,	 0.03851860919212237583,	 0.00000000000000000000,	 0.00000000000000000000
6.67370000000000018758,	 34.54999999999999715783,	 0.39999999999999996669,	 0.50265482457436694297, 1128379.16709551215171813965,	 0.46150438236098678679,	 0.06150438236098682010,	 0.66911617949377344416,	 17.50581336717083758003,	 26.16259164501900968958,	 120895.32693792828649748117,	 121237.56753872029366903007,	 0.00000000000000000000,	 0.00000000000000000000,	 -226.75920441903619462209,	 0.00000000000000000000,	 0.00000000000000000000,	 -11.33796022095181044165,	 0.05000000000000000278,	 0.03851171401977791786,	 0.00000000000000000000,	 0.00000000000000000000
6.67480000000000028848,	 34.54999999999999715783,	 0.39999999999999996669,	 0.50265482457436694297, 1128379.16709551215171813965,	 0.46139692772390600295,	 0.06139692772390603626,	 0.66880462767071990893,	 17.49427770428421169413,	 26.15753088493485378763,	 120673.92711020611750427634,	 121016.03532120428280904889,	 0.00000000000000000000,	 0.00000000000000000000,	 -226.76814094945325450681,	 0.00000000000000000000,	 0.00000000000000000000,	 -11.33840704747266414643,	 0.05000000000000000971,	 0.03850874787176475356,	 0.00000000000000000000,	 0.00000000000000000000
6.67590000000000038938,	 34.54999999999999715783,	 0.39999999999999996669,	 0.50265482457436694297, 1128379.16709551215171813965,	 0.46128916913108464204,	 0.06128916913108467535,	 0.66849226742138867507,	 17.48441404097869167344,	 26.15499818482907201656,	 120451.93658391451754141599,	 120793.97854893872863613069,	 0.00000000000000000000,	 0.00000000000000000000,	 -226.79915276655108868908,	 0.00000000000000000000,	 0.00000000000000000000,	 -11.33995763832755443445,	 0.05000000000000000278,	 0.03850951645025524339,	 0.00000000000000000000,	 0.00000000000000000000
6.67700000000000049027,	 34.54999999999999715783,	 0.39999999999999996669,	 0.50265482457436694297, 1128379.16709551215171813965,	 0.46118110848704740867,	 0.06118110848704744198,	 0.66817910488189080631,	 17.47613318571592699868,	 26.15486335629285719051,	 120229.38827221776591613889,	 120571.42671081093430984765,	 0.00000000000000000000,	 0.00000000000000000000,	 -226.85112529519349777729,	 0.00000000000000000000,	 0.00000000000000000000,	 -11.34255626475967559941,	 0.05000000000000000278,	 0.03851382928350885471,	 0.00000000000000000000,	 0.00000000000000000000
6.67810000000000059117,	 34.54999999999999715783,	 0.39999999999999996669,	 0.50265482457436694297, 1128379.16709551215171813965,	 0.46107274916379265006,	 0.06107274916379268337,	 0.66786515043617045162,	 17.46934809021359669146,	 26.15699902713097912965,	 120006.31774789452902041376,	 120348.41204694719635881484,	 0.00000000000000000000,	 0.00000000000000000000,	 -226.92296670813570358405,	 0.00000000000000000000,	 0.00000000000000000000,	 -11.34614833540678446866,	 0.04999999999999999584,	 0.03852149990400938889,	 0.00000000000000000000,	 0.00000000000000000000
6.67920000000000069207,	 34.54999999999999715783,	 0.39999999999999996669,	 0.50265482457436694297, 1128379.16709551215171813965,	 0.46096409598141685482,	 0.06096409598141688813,	 0.66755041865484299191,	 17.46397392135948933856,	 26.16128075621691451147,	 119782.76304791723669040948,	 120124.96935332003340590745,	 0.00000000000000000000,	 0.00000000000000000000,	 -227.01360894946205348788,	 0.00000000000000000000,	 0.00000000000000000000,	 -11.35068044747310445075,	 0.05000000000000000971,	 0.03853234601996391451,	 0.00000000000000000000,	 0.00000000000000000000
6.68029999999999990479,	 34.54999999999999715783,	 0.39999999999999996669,	 0.50265482457436694297, 1128379.16709551215171813965,	 0.46085515518144398728,	 0.06085515518144402058,	 0.66723492821294672073,	 17.45992812939350358192,	 26.16758714379113115456,	 119558.76452344605058897287,	 119901.13583190999634098262,	 0.00000000000000000000,	 0.00000000000000000000,	 -227.12200872301104936923,	 0.00000000000000000000,	 0.00000000000000000000,	 -11.35610043615055353428,	 0.05000000000000000278,	 0.03854618968047388017,	 0.00000000000000000000,	 0.00000000000000000000
6.68140000000000000568,	 34.54999999999999715783,	 0.39999999999999996669,	 0.50265482457436694297, 1128379.16709551215171813965,	 0.46074593439630184832,	 0.06074593439630188163,	 0.66691870179661294493,	 17.45713051197164489281,	 26.17579993624989498358,	 119334.36471195319609250873,	 119676.95096310449298471212,	 0.00000000000000000000,	 0.00000000000000000000,	 -227.24714843591243607079,	 0.00000000000000000000,	 0.00000000000000000000,	 -11.36235742179562357990,	 0.05000000000000000971,	 0.03856285743283856260,	 0.00000000000000000000,	 0.00000000000000000000
6.68250000000000010658,	 34.54999999999999715783,	 0.39999999999999996669,	 0.50265482457436694297, 1128379.16709551215171813965,	 0.46063644261653330370,	 0.06063644261653333700,	 0.66660176600327014640,	 17.45550327450303740306,	 26.18580412584356409411,	 119109.60823875866481103003,	 119452.45640761718095745891,	 0.00000000000000000000,	 0.00000000000000000000,	 -227.38803710016057380017,	 0.00000000000000000000,	 0.00000000000000000000,	 -11.36940185500803046637,	 0.05000000000000000971,	 0.03858218047254734911,	 0.00000000000000000000,	 0.00000000000000000000
6.68360000000000020748,	 34.54999999999999715783,	 0.39999999999999996669,	 0.50265482457436694297, 1128379.16709551215171813965,	 0.46052669015609259962,	 0.06052669015609263292,	 0.66628415123641160367,	 17.45497108622520698873,	 26.19748804445420020670,	 118884.54170157098269555718,	 119227.69589149064267985523,	 0.00000000000000000000,	 0.00000000000000000000,	 -227.54371118490206526985,	 0.00000000000000000000,	 0.00000000000000000000,	 -11.37718555924510255295,	 0.04999999999999999584,	 0.03860399478472795881,	 0.00000000000000000000,	 0.00000000000000000000
6.68470000000000030838,	 34.54999999999999715783,	 0.39999999999999996669,	 0.50265482457436694297, 1128379.16709551215171813965,	 0.46041668861496748422,	 0.06041668861496751752,	 0.66596589159274066638,	 17.45546113113547903595,	 26.21074345022169538311,	 118659.21353788876149337739,	 119002.71507399543770588934,	 0.00000000000000000000,	 0.00000000000000000000,	 -227.71323540916168326476,	 0.00000000000000000000,	 0.00000000000000000000,	 -11.38566177045808380797,	 0.04999999999999999584,	 0.03862814127527196273,	 0.00000000000000000000,	 0.00000000000000000000
6.68580000000000040927,	 34.54999999999999715783,	 0.39999999999999996669,	 0.50265482457436694297, 1128379.16709551215171813965,	 0.46030645083887156144,	 0.06030645083887159474,	 0.66564702474097448004,	 17.45690315404409531652,	 26.22546560744737220716,	 118433.67388575452787335962,	 118777.56140891823451966047,	 0.00000000000000000000,	 0.00000000000000000000,	 -227.89570347887644174989,	 0.00000000000000000000,	 0.00000000000000000000,	 -11.39478517394382350858,	 0.05000000000000000278,	 0.03865446589228177521,	 0.00000000000000000000,	 0.00000000000000000000
6.68690000000000051017,	 34.54999999999999715783,	 0.39999999999999996669,	 0.50265482457436694297, 1128379.16709551215171813965,	 0.46019599087619483813,	 0.06019599087619487143,	 0.66532759179286626861,	 17.45922950124933592519,	 26.24155335900280405781,	 118207.97444725112291052938,	 118552.28400859782414045185,	 0.00000000000000000000,	 0.00000000000000000000,	 -228.09023876144536302490,	 0.00000000000000000000,	 0.00000000000000000000,	 -11.40451193807226992760,	 0.05000000000000000971,	 0.03868281973669370627,	 0.00000000000000000000,	 0.00000000000000000000
6.68800000000000061107,	 34.54999999999999715783,	 0.39999999999999996669,	 0.50265482457436694297, 1128379.16709551215171813965,	 0.46008532393270235028,	 0.06008532393270238359,	 0.66500763716788058311,	 17.46237515529360706523,	 26.25890919036956105970,	 117982.16835468473436776549,	 118326.93351061877910979092,	 0.00000000000000000000,	 0.00000000000000000000,	 -228.29599488994358580385,	 0.00000000000000000000,	 0.00000000000000000000,	 -11.41479974449717893492,	 0.04999999999999999584,	 0.03871305916076674819,	 0.00000000000000000000,	 0.00000000000000000000
6.68910000000000071196,	 34.54999999999999715783,	 0.39999999999999996669,	 0.50265482457436694297, 1128379.16709551215171813965,	 0.45997446632416372214,	 0.05997446632416375545,	 0.66468720845206774595,	 17.46627776534771570027,	 26.27743928760628833174,	 117756.31003554986091330647,	 118101.56194330677681136876,	 0.00000000000000000000,	 0.00000000000000000000,	 -228.51215631684610229968,	 0.00000000000000000000,	 0.00000000000000000000,	 -11.42560781584230511498,	 0.05000000000000000278,	 0.03874504585781232691,	 0.00000000000000000000,	 0.00000000000000000000
6.69019999999999992468,	 34.54999999999999715783,	 0.39999999999999996669,	 0.50265482457436694297, 1128379.16709551215171813965,	 0.45986343542728902456,	 0.05986343542728905787,	 0.66436635625223428026,	 17.47087767147342773910,	 26.29705358656122271555,	 117530.45508440697449259460,	 117876.22259807420778088272,	 0.00000000000000000000,	 0.00000000000000000000,	 -228.73793879373707227387,	 0.00000000000000000000,	 0.00000000000000000000,	 -11.43689693968685361369,	 0.05000000000000000278,	 0.03877864693919343825,	 0.00000000000000000000,	 0.00000000000000000000
6.69130000000000002558,	 34.54999999999999715783,	 0.39999999999999996669,	 0.50265482457436694297, 1128379.16709551215171813965,	 0.45975224962929983619,	 0.05975224962929986949,	 0.66404513404637621754,	 17.47611792329468727303,	 26.31766581407427807449,	 117304.66013333044247701764,	 117650.96990028109576087445,	 0.00000000000000000000,	 0.00000000000000000000,	 -228.97258978325240263985,	 0.00000000000000000000,	 0.00000000000000000000,	 -11.44862948916262013199,	 0.05000000000000000278,	 0.03881373499967104290,	 0.00000000000000000000,	 0.00000000000000000000
6.69240000000000012648,	 34.54999999999999715783,	 0.39999999999999996669,	 0.50265482457436694297, 1128379.16709551215171813965,	 0.45964092827607316849,	 0.05964092827607320180,	 0.66372359803020397617,	 17.48194429404314220733,	 26.33919352261390400827,	 117078.98271903430577367544,	 117425.85927674516278784722,	 0.00000000000000000000,	 0.00000000000000000000,	 -229.21538881580053725884,	 0.00000000000000000000,	 0.00000000000000000000,	 -11.46076944079002757348,	 0.05000000000000000278,	 0.03885018817322691970,	 0.00000000000000000000,	 0.00000000000000000000
6.69350000000000022737,	 34.54999999999999715783,	 0.39999999999999996669,	 0.50265482457436694297, 1128379.16709551215171813965,	 0.45952949161911249565,	 0.05952949161911252896,	 0.66340180696050676801,	 17.48830528751872037674,	 26.36155811459799735985,	 116853.48115574200346600264,	 117200.94702885666629299521,	 0.00000000000000000000,	 0.00000000000000000000,	 -229.46564775823483728345,	 0.00000000000000000000,	 0.00000000000000000000,	 -11.47328238791174292999,	 0.05000000000000000278,	 0.03888789017381433927,	 0.00000000000000000000,	 0.00000000000000000000
6.69460000000000032827,	 34.54999999999999715783,	 0.39999999999999996669,	 0.50265482457436694297, 1128379.16709551215171813965,	 0.45941796076151020234,	 0.05941796076151023565,	 0.66307982199584170058,	 17.49515213876442842889,	 26.38468485755572245921,	 116628.21440353087382391095,	 116976.29020104714436456561,	 0.00000000000000000000,	 0.00000000000000000000,	 -229.72271100434704749205,	 0.00000000000000000000,	 0.00000000000000000000,	 -11.48613555021735344042,	 0.05000000000000000278,	 0.03892673032272633837,	 0.00000000000000000000,	 0.00000000000000000000
6.69570000000000042917,	 34.54999999999999715783,	 0.39999999999999996669,	 0.50265482457436694297, 1128379.16709551215171813965,	 0.45930635760270049905,	 0.05930635760270053236,	 0.66275770653397525489,	 17.50243880979561694744,	 26.40850289214763080281,	 116403.24193223338807001710,	 116751.94644473567313980311,	 0.00000000000000000000,	 0.00000000000000000000,	 -229.98595560474223020719,	 0.00000000000000000000,	 0.00000000000000000000,	 -11.49929778023711079982,	 0.04999999999999999584,	 0.03896660356555717991,	 0.00000000000000000000,	 0.00000000000000000000
6.69680000000000053006,	 34.54999999999999715783,	 0.39999999999999996669,	 0.50265482457436694297, 1128379.16709551215171813965,	 0.45919470478227275567,	 0.05919470478227278898,	 0.66243552604686972707,	 17.51012197767152045458,	 26.43294522889555153711,	 116178.62359369886689819396,	 116527.97389043576549738646,	 0.00000000000000000000,	 0.00000000000000000000,	 -230.25479129972751479727,	 0.00000000000000000000,	 0.00000000000000000000,	 -11.51273956498637751622,	 0.05000000000000000971,	 0.03900741047261557098,	 0.00000000000000000000,	 0.00000000000000000000
6.69790000000000063096,	 34.54999999999999715783,	 0.39999999999999996669,	 0.50265482457436694297, 1128379.16709551215171813965,	 0.45908302562310859818,	 0.05908302562310863149,	 0.66211334791398068766,	 17.51816101606286935066,	 26.45794873529533930423,	 115954.41949059466423932463,	 116304.43101623441907577217,	 0.00000000000000000000,	 0.00000000000000000000,	 -230.52866046950217082667,	 0.00000000000000000000,	 0.00000000000000000000,	 -11.52643302347510889660,	 0.05000000000000000278,	 0.03904905722523398931,	 0.00000000000000000000,	 0.00000000000000000000
6.69900000000000073186,	 34.54999999999999715783,	 0.39999999999999996669,	 0.50265482457436694297, 1128379.16709551215171813965,	 0.45897134407360995478,	 0.05897134407360998809,	 0.66179124125320121230,	 17.52651797254589283170,	 26.48345411667400739475,	 115730.68984148958406876773,	 116081.37651246457244269550,	 0.00000000000000000000,	 0.00000000000000000000,	 -230.80703803091100212441,	 0.00000000000000000000,	 0.00000000000000000000,	 -11.54035190154555046149,	 0.05000000000000000278,	 0.03909145559293317890,	 0.00000000000000000000,	 0.00000000000000000000
6.70009999999999994458,	 34.54999999999999715783,	 0.39999999999999996669,	 0.50265482457436694297, 1128379.16709551215171813965,	 0.45885968464941773171,	 0.05885968464941776501,	 0.66146927675061673035,	 17.53515753825913137121,	 26.50940588563440414305,	 115507.49485871414071880281,	 115858.86915891879471018910,	 0.00000000000000000000,	 0.00000000000000000000,	 -231.08943123550605491801,	 0.00000000000000000000,	 0.00000000000000000000,	 -11.55447156177530310117,	 0.05000000000000000278,	 0.03913452289380321691,	 0.00000000000000000000,	 0.00000000000000000000
6.70120000000000004547,	 34.54999999999999715783,	 0.39999999999999996669,	 0.50265482457436694297, 1128379.16709551215171813965,	 0.45874807237489828582,	 0.05874807237489831913,	 0.66114752648986896411,	 17.54404701226272322856,	 26.53575232354976876081,	 115284.89462072173773776740,	 115636.96769641012360807508,	 0.00000000000000000000,	 0.00000000000000000000,	 -231.37537939877560688728,	 0.00000000000000000000,	 0.00000000000000000000,	 -11.56876896993878034436,	 0.05000000000000000278,	 0.03917818194318513358,	 0.00000000000000000000,	 0.00000000000000000000
6.70230000000000014637,	 34.54999999999999715783,	 0.39999999999999996669,	 0.50265482457436694297, 1128379.16709551215171813965,	 0.45863653272411625261,	 0.05863653272411628592,	 0.66082606378033048600,	 17.55315626244512117182,	 26.56244543689802384279,	 115062.94894560571992769837,	 115415.73069939980632625520,	 0.00000000000000000000,	 0.00000000000000000000,	 -231.66445358487075623088,	 0.00000000000000000000,	 0.00000000000000000000,	 -11.58322267924353710100,	 0.04999999999999999584,	 0.03922236099477225540,	 0.00000000000000000000,	 0.00000000000000000000
6.70340000000000024727,	 34.54999999999999715783,	 0.39999999999999996669,	 0.50265482457436694297, 1128379.16709551215171813965,	 0.45852509156197446272,	 0.05852509156197449602,	 0.66050496298604566281,	 17.56245767876741226132,	 26.58944090195799248022,	 114841.71727881464175879955,	 115195.21646255400264635682,	 0.00000000000000000000,	 0.00000000000000000000,	 -231.95625618986787230824,	 0.00000000000000000000,	 0.00000000000000000000,	 -11.59781280949339432595,	 0.05000000000000000278,	 0.03926699366452670453,	 0.00000000000000000000,	 0.00000000000000000000
6.70450000000000034817,	 34.54999999999999715783,	 0.39999999999999996669,	 0.50265482457436694297, 1128379.16709551215171813965,	 0.45841377508536867991,	 0.05841377508536871321,	 0.66018429935501055095,	 17.57192612453787461391,	 26.61669800645874772727,	 114621.25856885880057234317,	 114975.48287524232000578195,	 0.00000000000000000000,	 0.00000000000000000000,	 -232.25042049839814239931,	 0.00000000000000000000,	 0.00000000000000000000,	 -11.61252102491990711997,	 0.05000000000000000278,	 0.03931201885008871189,	 0.00000000000000000000,	 0.00000000000000000000
6.70560000000000044906,	 34.54999999999999715783,	 0.39999999999999996669,	 0.50265482457436694297, 1128379.16709551215171813965,	 0.45830260976456993482,	 0.05830260976456996813,	 0.65986414884939770253,	 17.58153888162921774097,	 26.64417958194284707929,	 114401.63116260447714012116,	 114756.58731540189182851464,	 0.00000000000000000000,	 0.00000000000000000000,	 -232.54661015899480958069,	 0.00000000000000000000,	 0.00000000000000000000,	 -11.62733050794974154485,	 0.05000000000000000278,	 0.03935738063644580315,	 0.00000000000000000000,	 0.00000000000000000000
6.70670000000000054996,	 34.54999999999999715783,	 0.39999999999999996669,	 0.50265482457436694297, 1128379.16709551215171813965,	 0.45819162228517351654,	 0.05819162228517354984,	 0.65954458797770743050,	 17.59127559270986651541,	 26.67185193141854782084,	 114182.89269068923022132367,	 114538.58653341498575173318,	 0.00000000000000000000,	 0.00000000000000000000,	 -232.84451861774346070888,	 0.00000000000000000000,	 0.00000000000000000000,	 -11.64222593088717339072,	 0.05000000000000000278,	 0.03940302819459085004,	 0.00000000000000000000,	 0.00000000000000000000
6.70780000000000065086,	 34.54999999999999715783,	 0.39999999999999996669,	 0.50265482457436694297, 1128379.16709551215171813965,	 0.45808083949046768391,	 0.05808083949046771721,	 0.65922569362841620944,	 17.60111819960220458370,	 26.69968475094566784378,	 113965.09996697254246100783,	 114321.53654987248592078686,	 0.00000000000000000000,	 0.00000000000000000000,	 -233.14386849835722159696,	 0.00000000000000000000,	 0.00000000000000000000,	 -11.65719342491786214566,	 0.05000000000000000278,	 0.03944891567116285552,	 0.00000000000000000000,	 0.00000000000000000000
6.70890000000000075175,	 34.54999999999999715783,	 0.39999999999999996669,	 0.50265482457436694297, 1128379.16709551215171813965,	 0.45797028832351588390,	 0.05797028832351591721,	 0.65890754290309161423,	 17.61105089057556938315,	 26.72765106464368400907,	 113748.30882745471899397671,	 114105.49249317139037884772,	 0.00000000000000000000,	 0.00000000000000000000,	 -233.44441109911426224244,	 0.00000000000000000000,	 0.00000000000000000000,	 -11.67222055495571275685,	 0.04999999999999999584,	 0.03949500209788690125,	 0.00000000000000000000,	 0.00000000000000000000
6.70999999999999996447,	 34.54999999999999715783,	 0.39999999999999996669,	 0.50265482457436694297, 1128379.16709551215171813965,	 0.45785999576496411168,	 0.05785999576496414498,	 0.65859021293749642201,	 17.62106007410724473061,	 26.75572720024549511209,	 113532.57390808840864337981,	 113890.50837709539337083697,	 0.00000000000000000000,	 0.00000000000000000000,	 -233.74592624580517963295,	 0.00000000000000000000,	 0.00000000000000000000,	 -11.68729631229025933692,	 0.05000000000000000278,	 0.03954125136108324612,	 0.00000000000000000000,	 0.00000000000000000000
6.71110000000000006537,	 34.54999999999999715783,	 0.39999999999999996669,	 0.50265482457436694297, 1128379.16709551215171813965,	 0.45774998877046901846,	 0.05774998877046905177,	 0.65827378072190934066,	 17.63113432295708093989,	 26.78389271956348949288,	 113317.94862299910164438188,	 113676.63707760564284399152,	 0.00000000000000000000,	 0.00000000000000000000,	 -234.04822175096819592000,	 0.00000000000000000000,	 0.00000000000000000000,	 -11.70241108754841086181,	 0.05000000000000000278,	 0.03958763210455552850,	 0.00000000000000000000,	 0.00000000000000000000
6.71220000000000016627,	 34.54999999999999715783,	 0.39999999999999996669,	 0.50265482457436694297, 1128379.16709551215171813965,	 0.45764029421868107628,	 0.05764029421868110958,	 0.65795832295210077145,	 17.64126424860986119825,	 26.81213024171158920694,	 113104.48530054659931920469,	 113463.93046459584729745984,	 0.00000000000000000000,	 0.00000000000000000000,	 -234.35113192982566943101,	 0.00000000000000000000,	 0.00000000000000000000,	 -11.71755659649128489264,	 0.05000000000000000278,	 0.03963411747344396108,	 0.00000000000000000000,	 0.00000000000000000000
6.71330000000000026716,	 34.54999999999999715783,	 0.39999999999999996669,	 0.50265482457436694297, 1128379.16709551215171813965,	 0.45753093886835560777,	 0.05753093886835564108,	 0.65764391590680948418,	 17.65144236512395536920,	 26.84042524864660705930,	 112892.23520485349581576884,	 113252.43941861759230960160,	 0.00000000000000000000,	 0.00000000000000000000,	 -234.65451595499072823259,	 0.00000000000000000000,	 0.00000000000000000000,	 -11.73272579774953783271,	 0.05000000000000000278,	 0.03968068483137383168,	 0.00000000000000000000,	 0.00000000000000000000
6.71440000000000036806,	 34.54999999999999715783,	 0.39999999999999996669,	 0.50265482457436694297, 1128379.16709551215171813965,	 0.45742194931613378017,	 0.05742194931613381348,	 0.65733063532736279999,	 17.66166298926941990999,	 26.86876594527438300020,	 112681.24840354267507791519,	 113042.21369525363843422383,	 0.00000000000000000000,	 0.00000000000000000000,	 -234.95825668570898869802,	 0.00000000000000000000,	 0.00000000000000000000,	 -11.74791283428544907963,	 0.04999999999999999584,	 0.03972731555805783521,	 0.00000000000000000000,	 0.00000000000000000000
6.71550000000000046896,	 34.54999999999999715783,	 0.39999999999999996669,	 0.50265482457436694297, 1128379.16709551215171813965,	 0.45731335195159339424,	 0.05731335195159342755,	 0.65701855628966565614,	 17.67192216207522648119,	 26.89714315204827599359,	 112471.57362812163773924112,	 112833.30178299252293072641,	 0.00000000000000000000,	 0.00000000000000000000,	 -235.26225978108189451632,	 0.00000000000000000000,	 0.00000000000000000000,	 -11.76311298905409508109,	 0.05000000000000000278,	 0.03977399489492516871,	 0.00000000000000000000,	 0.00000000000000000000
6.71660000000000056986,	 34.54999999999999715783,	 0.39999999999999996669,	 0.50265482457436694297, 1128379.16709551215171813965,	 0.45720517291068246690,	 0.05720517291068250021,	 0.65670775307176698643,	 17.68221757704753471785,	 26.92555020759008499454,	 112263.25815776009403634816,	 112625.75078475082409568131,	 0.00000000000000000000,	 0.00000000000000000000,	 -235.56645290056800945422,	 0.00000000000000000000,	 0.00000000000000000000,	 -11.77832264502840153853,	 0.05000000000000000278,	 0.03982071180553579948,	 0.00000000000000000000,	 0.00000000000000000000
6.71770000000000067075,	 34.54999999999999715783,	 0.39999999999999996669,	 0.50265482457436694297, 1128379.16709551215171813965,	 0.45709743802764968290,	 0.05709743802764971621,	 0.65639829901733293127,	 17.69254851526012117802,	 26.95398288165419131701,	 112056.34769870806485414505,	 112419.60629530031292233616,	 0.00000000000000000000,	 0.00000000000000000000,	 -235.87078499463177649886,	 0.00000000000000000000,	 0.00000000000000000000,	 -11.79353924973158918021,	 0.05000000000000000278,	 0.03986745885126002226,	 0.00000000000000000000,	 0.00000000000000000000
6.71879999999999988347,	 34.54999999999999715783,	 0.39999999999999996669,	 0.50265482457436694297, 1128379.16709551215171813965,	 0.45699017278641257400,	 0.05699017278641260731,	 0.65609026639773282419,	 17.70291578251898556573,	 26.98243929103984584117,	 111850.88628040306502953172,	 112214.91229545038368087262,	 0.00000000000000000000,	 0.00000000000000000000,	 -236.17522562044990763752,	 0.00000000000000000000,	 0.00000000000000000000,	 -11.80876128102249467133,	 0.04999999999999999584,	 0.03991423207125320560,	 0.00000000000000000000,	 0.00000000000000000000
6.71989999999999998437,	 34.54999999999999715783,	 0.39999999999999996669,	 0.50265482457436694297, 1128379.16709551215171813965,	 0.45688340227421359030,	 0.05688340227421362361,	 0.65578372628091718965,	 17.71332163305629592287,	 27.01091979441475743329,	 111646.91619569329486694187,	 112011.71108976344112306833,	 0.00000000000000000000,	 0.00000000000000000000,	 -236.47976407077504745757,	 0.00000000000000000000,	 0.00000000000000000000,	 -11.82398820353875201761,	 0.04999999999999999584,	 0.03996103083104160514,	 0.00000000000000000000,	 0.00000000000000000000
6.72100000000000008527,	 34.54999999999999715783,	 0.39999999999999996669,	 0.50265482457436694297, 1128379.16709551215171813965,	 0.45677715113910855038,	 0.05677715113910858369,	 0.65547874841150588487,	 17.72376967469124053878,	 27.03942685806856616182,	 111444.47803611344716046005,	 111810.04333851987030357122,	 0.00000000000000000000,	 0.00000000000000000000,	 -236.78440824492014371572,	 0.00000000000000000000,	 0.00000000000000000000,	 -11.83922041224600718579,	 0.05000000000000000278,	 0.04000785762781346178,	 0.00000000000000000000,	 0.00000000000000000000
6.72210000000000018616,	 34.54999999999999715783,	 0.39999999999999996669,	 0.50265482457436694297, 1128379.16709551215171813965,	 0.45667144352722394141,	 0.05667144352722397471,	 0.65517540103301530330,	 17.73426485600966628908,	 27.06796504882210641085,	 111243.60918709079851396382,	 111609.94655303293257020414,	 0.00000000000000000000,	 0.00000000000000000000,	 -237.08918464229287792477,	 0.00000000000000000000,	 0.00000000000000000000,	 -11.85445923211464425151,	 0.05000000000000000278,	 0.04005471808461306960,	 0.00000000000000000000,	 0.00000000000000000000
6.72320000000000028706,	 34.54999999999999715783,	 0.39999999999999996669,	 0.50265482457436694297, 1128379.16709551215171813965,	 0.45656630108857132466,	 0.05656630108857135797,	 0.65487374516963725579,	 17.74481277259582157058,	 27.09654021631182985175,	 111044.27791407173208426684,	 111411.38915991883550304919,	 0.00000000000000000000,	 0.00000000000000000000,	 -237.39413225817781949445,	 0.00000000000000000000,	 0.00000000000000000000,	 -11.86970661290889239581,	 0.05000000000000000278,	 0.04010161982965951971,	 0.00000000000000000000,	 0.00000000000000000000
6.72430000000000038796,	 34.54999999999999715783,	 0.39999999999999996669,	 0.50265482457436694297, 1128379.16709551215171813965,	 0.45646174816161305676,	 0.05646174816161309007,	 0.65457384950479124974,	 17.75542030326657894079,	 27.12515985277932273334,	 110846.67535337911976967007,	 111214.56250189853017218411,	 0.00000000000000000000,	 0.00000000000000000000,	 -237.69930305901999645357,	 0.00000000000000000000,	 0.00000000000000000000,	 -11.88496515295100053322,	 0.05000000000000000278,	 0.04014857280268550876,	 0.00000000000000000000,	 0.00000000000000000000
6.72540000000000048885,	 34.54999999999999715783,	 0.39999999999999996669,	 0.50265482457436694297, 1128379.16709551215171813965,	 0.45635780869766046086,	 0.05635780869766049417,	 0.65427578155420762496,	 17.76609560338304660831,	 27.15383345105691148547,	 110650.74394199796370230615,	 111019.40927754183940123767,	 0.00000000000000000000,	 0.00000000000000000000,	 -238.00476672940175149051,	 0.00000000000000000000,	 0.00000000000000000000,	 -11.90023833647008721925,	 0.04999999999999999584,	 0.04019558992081043169,	 0.00000000000000000000,	 0.00000000000000000000
6.72650000000000058975,	 34.54999999999999715783,	 0.39999999999999996669,	 0.50265482457436694297, 1128379.16709551215171813965,	 0.45625450449346122150,	 0.05625450449346125481,	 0.65397960260140486355,	 17.77684781345068643077,	 27.18257227402477127498,	 110456.51913917750061955303,	 110825.96525689378904644400,	 0.00000000000000000000,	 0.00000000000000000000,	 -238.31060959455655279271,	 0.00000000000000000000,	 0.00000000000000000000,	 -11.91553047972782763964,	 0.05000000000000000278,	 0.04024268681689549543,	 0.00000000000000000000,	 0.00000000000000000000
6.72760000000000069065,	 34.54999999999999715783,	 0.39999999999999996669,	 0.50265482457436694297, 1128379.16709551215171813965,	 0.45615185664501478602,	 0.05615185664501481932,	 0.65368537187234210251,	 17.78768692431791365038,	 27.21138897963845337813,	 110264.02980566653423011303,	 110634.25965076712600421160,	 0.00000000000000000000,	 0.00000000000000000000,	 -238.61693059655635806848,	 0.00000000000000000000,	 0.00000000000000000000,	 -11.93084652982781967978,	 0.05000000000000000971,	 0.04028988122218248036,	 0.00000000000000000000,	 0.00000000000000000000
6.72869999999999990337,	 34.54999999999999715783,	 0.39999999999999996669,	 0.50265482457436694297, 1128379.16709551215171813965,	 0.45604988554379699561,	 0.05604988554379702892,	 0.65339314652772906289,	 17.79862363298995120431,	 27.24029740375399555319,	 110073.30290763037919532508,	 110444.31980895285960286856,	 0.00000000000000000000,	 0.00000000000000000000,	 -238.92383940649372675580,	 0.00000000000000000000,	 0.00000000000000000000,	 -11.94619197032468704833,	 0.05000000000000000278,	 0.04033719264611646677,	 0.00000000000000000000,	 0.00000000000000000000
6.72980000000000000426,	 34.54999999999999715783,	 0.39999999999999996669,	 0.50265482457436694297, 1128379.16709551215171813965,	 0.45594861090895133504,	 0.05594861090895136835,	 0.65310298175837389056,	 17.80966931529402330625,	 27.26931251690870539051,	 109884.36521182463911827654,	 110256.17291439705877564847,	 0.00000000000000000000,	 0.00000000000000000000,	 -239.23145604103294203924,	 0.00000000000000000000,	 0.00000000000000000000,	 -11.96157280205164852305,	 0.05000000000000000278,	 0.04038464231195453696,	 0.00000000000000000000,	 0.00000000000000000000
6.73090000000000010516,	 34.54999999999999715783,	 0.39999999999999996669,	 0.50265482457436694297, 1128379.16709551215171813965,	 0.45584805179264514807,	 0.05584805179264518138,	 0.65281493080352781533,	 17.82083589962636693826,	 27.29845023258169334213,	 109697.24132525044842623174,	 110069.84401780081680044532,	 0.00000000000000000000,	 0.00000000000000000000,	 -239.53990918885514815884,	 0.00000000000000000000,	 0.00000000000000000000,	 -11.97699545944275811848,	 0.05000000000000000278,	 0.04043225287350774716,	 0.00000000000000000000,	 0.00000000000000000000
6.73200000000000020606,	 34.54999999999999715783,	 0.39999999999999996669,	 0.50265482457436694297, 1128379.16709551215171813965,	 0.45574822652032259684,	 0.05574822652032263015,	 0.65252904478276396727,	 17.83213576739575145780,	 27.32772726359225501369,	 109511.95310519510530866683,	 109885.35544389174901880324,	 0.00000000000000000000,	 0.00000000000000000000,	 -239.84933499131159351236,	 0.00000000000000000000,	 0.00000000000000000000,	 -11.99246674956558145198,	 0.05000000000000000971,	 0.04048004820586476732,	 0.00000000000000000000,	 0.00000000000000000000
6.73310000000000030695,	 34.54999999999999715783,	 0.39999999999999996669,	 0.50265482457436694297, 1128379.16709551215171813965,	 0.45564915263507616006,	 0.05564915263507619336,	 0.65224537253984737895,	 17.84358166262263978297,	 27.35716099163666825689,	 109328.51988074724795296788,	 109702.72700950840953737497,	 0.00000000000000000000,	 0.00000000000000000000,	 -240.15987593460252469413,	 0.00000000000000000000,	 0.00000000000000000000,	 -12.00799379673012801106,	 0.05000000000000000971,	 0.04052805321525576598,	 0.00000000000000000000,	 0.00000000000000000000
6.73420000000000040785,	 34.54999999999999715783,	 0.39999999999999996669,	 0.50265482457436694297, 1128379.16709551215171813965,	 0.45555084685992675020,	 0.05555084685992678351,	 0.65196396053803851167,	 17.85518660491036513349,	 27.38676933948193692459,	 109146.95870236706105060875,	 109521.97626979406049940735,	 0.00000000000000000000,	 0.00000000000000000000,	 -240.47167975435991138511,	 0.00000000000000000000,	 0.00000000000000000000,	 -12.02358398771799663507,	 0.05000000000000000278,	 0.04057629365192940568,	 0.00000000000000000000,	 0.00000000000000000000
6.73530000000000050875,	 34.54999999999999715783,	 0.39999999999999996669,	 0.50265482457436694297, 1128379.16709551215171813965,	 0.45545332507275565481,	 0.05545332507275568812,	 0.65168485279170895730,	 17.86696380459169120059,	 27.41657064461849202530,	 108967.28448481469240505248,	 109343.11865777037746738642,	 0.00000000000000000000,	 0.00000000000000000000,	 -240.78489834486441623085,	 0.00000000000000000000,	 0.00000000000000000000,	 -12.03924491724322187736,	 0.05000000000000000278,	 0.04062479592450052995,	 0.00000000000000000000,	 0.00000000000000000000
6.73640000000000060965,	 34.54999999999999715783,	 0.39999999999999996669,	 0.50265482457436694297, 1128379.16709551215171813965,	 0.45535660228827584683,	 0.05535660228827588014,	 0.65140809081814166071,	 17.87892658007542223686,	 27.44658353509277048943,	 108789.51007528304762672633,	 109166.16754915745696052909,	 0.00000000000000000000,	 0.00000000000000000000,	 -241.09968668219252663221,	 0.00000000000000000000,	 0.00000000000000000000,	 -12.05498433410962633161,	 0.05000000000000000278,	 0.04067358691708752860,	 0.00000000000000000000,	 0.00000000000000000000
6.73750000000000071054,	 34.54999999999999715783,	 0.39999999999999996669,	 0.50265482457436694297, 1128379.16709551215171813965,	 0.45526069264416724192,	 0.05526069264416727522,	 0.65113371360126282017,	 17.89108829477159190446,	 27.47682683456876517880,	 108613.64634405063407029957,	 108991.13435049908002838492,	 0.00000000000000000000,	 0.00000000000000000000,	 -241.41620200050712696793,	 0.00000000000000000000,	 0.00000000000000000000,	 -12.07081010002535670367,	 0.05000000000000000278,	 0.04072269384945945148,	 0.00000000000000000000,	 0.00000000000000000000
6.73859999999999992326,	 34.54999999999999715783,	 0.39999999999999996669,	 0.50265482457436694297, 1128379.16709551215171813965,	 0.45516560939580674727,	 0.05516560939580678058,	 0.65086175757995090585,	 17.90346225625164322537,	 27.50731940807323994136,	 108439.70204748968535568565,	 108818.02835799856984522194,	 0.00000000000000000000,	 0.00000000000000000000,	 -241.73460244140008512659,	 0.00000000000000000000,	 0.00000000000000000000,	 -12.08673012207000496687,	 0.05000000000000000278,	 0.04077214404878407722,	 0.00000000000000000000,	 0.00000000000000000000
6.73970000000000002416,	 34.54999999999999715783,	 0.39999999999999996669,	 0.50265482457436694297, 1128379.16709551215171813965,	 0.45507136486378552132,	 0.05507136486378555462,	 0.65059225650131335961,	 17.91606160924679613800,	 27.53808000358613128356,	 108267.68296589163946919143,	 108646.85589103359961882234,	 0.00000000000000000000,	 0.00000000000000000000,	 -242.05504569006646420348,	 0.00000000000000000000,	 0.00000000000000000000,	 -12.10275228450332463126,	 0.05000000000000000278,	 0.04082196471718611136,	 0.00000000000000000000,	 0.00000000000000000000
6.74080000000000012506,	 34.54999999999999715783,	 0.39999999999999996669,	 0.50265482457436694297, 1128379.16709551215171813965,	 0.45497797044669074928,	 0.05497797044669078259,	 0.65032524146066295057,	 17.92889933626169707281,	 27.56912725083912363289,	 108097.59404561738483607769,	 108477.62243430386297404766,	 0.00000000000000000000,	 0.00000000000000000000,	 -242.37768895731070983857,	 0.00000000000000000000,	 0.00000000000000000000,	 -12.11888444786553620247,	 0.05000000000000000278,	 0.04087218292931148883,	 0.00000000000000000000,	 0.00000000000000000000
6.74190000000000022595,	 34.54999999999999715783,	 0.39999999999999996669,	 0.50265482457436694297, 1128379.16709551215171813965,	 0.45488543666042957625,	 0.05488543666042960956,	 0.65006074101724442560,	 17.94198817765195741458,	 27.60047953299798351168,	 107929.43909396565868519247,	 108310.33232919138390570879,	 0.00000000000000000000,	 0.00000000000000000000,	 -242.70268782952175001810,	 0.00000000000000000000,	 0.00000000000000000000,	 -12.13513439147608785618,	 0.05000000000000000278,	 0.04092282544021830920,	 0.00000000000000000000,	 0.00000000000000000000
6.74300000000000032685,	 34.54999999999999715783,	 0.39999999999999996669,	 0.50265482457436694297, 1128379.16709551215171813965,	 0.45479377314324642700,	 0.05479377314324646031,	 0.64979878121172707228,	 17.95534049578702706640,	 27.63215477613607973240,	 107763.21921862445014994591,	 108144.98720741062425076962,	 0.00000000000000000000,	 0.00000000000000000000,	 -243.03019441238282638551,	 0.00000000000000000000,	 0.00000000000000000000,	 -12.15150972061914202982,	 0.05000000000000000278,	 0.04097391837278138021,	 0.00000000000000000000,	 0.00000000000000000000
6.74410000000000042775,	 34.54999999999999715783,	 0.39999999999999996669,	 0.50265482457436694297, 1128379.16709551215171813965,	 0.45470298858007957010,	 0.05470298858007960341,	 0.64953938535316724234,	 17.96896829908288140132,	 27.66417049416149254171,	 107598.93263068080705124885,	 107981.58579524583183228970,	 0.00000000000000000000,	 0.00000000000000000000,	 -243.36035776276358433279,	 0.00000000000000000000,	 0.00000000000000000000,	 -12.16801788813818063772,	 0.05000000000000000278,	 0.04102548728738401873,	 0.00000000000000000000,	 0.00000000000000000000
6.74520000000000052864,	 34.54999999999999715783,	 0.39999999999999996669,	 0.50265482457436694297, 1128379.16709551215171813965,	 0.45461309073014616322,	 0.05461309073014619653,	 0.64928257410102563352,	 17.98288312283850132189,	 27.69654360081507604718,	 107436.57686720474157482386,	 107820.12613092066021636128,	 0.00000000000000000000,	 0.00000000000000000000,	 -243.69332221676361882601,	 0.00000000000000000000,	 0.00000000000000000000,	 -12.18466611083818129657,	 0.05000000000000000278,	 0.04107755690156144474,	 0.00000000000000000000,	 0.00000000000000000000
6.74630000000000062954,	 34.54999999999999715783,	 0.39999999999999996669,	 0.50265482457436694297, 1128379.16709551215171813965,	 0.45452408644852776431,	 0.05452408644852779762,	 0.64902836552988307783,	 17.99709601596154229242,	 27.72929038512555521834,	 107276.14739938096317928284,	 107660.60417201227392069995,	 0.00000000000000000000,	 0.00000000000000000000,	 -244.02922715749841131583,	 0.00000000000000000000,	 0.00000000000000000000,	 -12.20146135787492092106,	 0.05000000000000000278,	 0.04113015105220269724,	 0.00000000000000000000,	 0.00000000000000000000
6.74740000000000073044,	 34.54999999999999715783,	 0.39999999999999996669,	 0.50265482457436694297, 1128379.16709551215171813965,	 0.45443598167268106636,	 0.05443598167268109966,	 0.64877677509386000310,	 18.01161747058691631196,	 27.76242640310472609144,	 107117.63778631151944864541,	 107503.01394620542123448104,	 0.00000000000000000000,	 0.00000000000000000000,	 -244.36820606429279223448,	 0.00000000000000000000,	 0.00000000000000000000,	 -12.21841030321463961172,	 0.05000000000000000278,	 0.04118329253507622273,	 0.00000000000000000000,	 0.00000000000000000000
6.74849999999999994316,	 34.54999999999999715783,	 0.39999999999999996669,	 0.50265482457436694297, 1128379.16709551215171813965,	 0.45434878143257212413,	 0.05434878143257215743,	 0.64852781565844874745,	 18.02645737825482186167,	 27.79596640731994128259,	 106961.03998288062575738877,	 107347.34785713905876036733,	 0.00000000000000000000,	 0.00000000000000000000,	 -244.71038588177674455437,	 0.00000000000000000000,	 0.00000000000000000000,	 -12.23551929408883687245,	 0.04999999999999999584,	 0.04123700299940627478,	 0.00000000000000000000,	 0.00000000000000000000
6.74960000000000004405,	 34.54999999999999715783,	 0.39999999999999996669,	 0.50265482457436694297, 1128379.16709551215171813965,	 0.45426248985650197199,	 0.05426248985650200529,	 0.64828149751993713323,	 18.04162498817205317891,	 27.82992428010365060231,	 106806.34424316695367451757,	 107193.59658588509773835540,	 0.00000000000000000000,	 0.00000000000000000000,	 -245.05588642280289946029,	 0.00000000000000000000,	 0.00000000000000000000,	 -12.25279432114014532829,	 0.05000000000000000278,	 0.04129130284799780587,	 0.00000000000000000000,	 0.00000000000000000000
6.75070000000000014495,	 34.54999999999999715783,	 0.39999999999999996669,	 0.50265482457436694297, 1128379.16709551215171813965,	 0.45417711017993256384,	 0.05417711017993259714,	 0.64803782843330015595,	 18.05712886610008993671,	 27.86431296727708684102,	 106653.53920787839160766453,	 107041.74917644757078960538,	 0.00000000000000000000,	 0.00000000000000000000,	 -245.40481977383672074211,	 0.00000000000000000000,	 0.00000000000000000000,	 -12.27024098869183710292,	 0.05000000000000000278,	 0.04134621113795198394,	 0.00000000000000000000,	 0.00000000000000000000
6.75180000000000024585,	 34.54999999999999715783,	 0.39999999999999996669,	 0.50265482457436694297, 1128379.16709551215171813965,	 0.45409264475565469521,	 0.05409264475565472852,	 0.64779681364381569431,	 18.07297685732285685845,	 27.89914441792869581604,	 106502.61195044999476522207,	 106891.79308007621148135513,	 0.00000000000000000000,	 0.00000000000000000000,	 -245.75728975254469332867,	 0.00000000000000000000,	 0.00000000000000000000,	 -12.28786448762723537698,	 0.05000000000000000278,	 0.04140174549027189621,	 0.00000000000000000000,	 0.00000000000000000000
6.75290000000000034674,	 34.54999999999999715783,	 0.39999999999999996669,	 0.50265482457436694297, 1128379.16709551215171813965,	 0.45400909506557451945,	 0.05400909506557455275,	 0.64755845592319005721,	 18.08917605232222314271,	 27.93442952811640012101,	 106353.54803673461719881743,	 106743.71421326526615303010,	 0.00000000000000000000,	 0.00000000000000000000,	 -246.11339139874905868055,	 0.00000000000000000000,	 0.00000000000000000000,	 -12.30566956993745364457,	 0.05000000000000000278,	 0.04145792200519125836,	 0.00000000000000000000,	 0.00000000000000000000
6.75400000000000044764,	 34.54999999999999715783,	 0.39999999999999996669,	 0.50265482457436694297, 1128379.16709551215171813965,	 0.45392646173404183063,	 0.05392646173404186394,	 0.64732275560996765940,	 18.10573275589111474915,	 27.97017808964588425624,	 106206.33158078798442147672,	 106597.49701197123795282096,	 0.00000000000000000000,	 0.00000000000000000000,	 -246.47321050900771410852,	 0.00000000000000000000,	 0.00000000000000000000,	 -12.32366052545038570543,	 0.05000000000000000278,	 0.04151475518494517070,	 0.00000000000000000000,	 0.00000000000000000000
6.75510000000000054854,	 34.54999999999999715783,	 0.39999999999999996669,	 0.50265482457436694297, 1128379.16709551215171813965,	 0.45384474454259149390,	 0.05384474454259152720,	 0.64708971065385345600,	 18.12265245937367552642,	 28.00639874347807989352,	 106060.94530342199141159654,	 106453.12448871134256478399,	 0.00000000000000000000,	 0.00000000000000000000,	 -246.83682321102469359175,	 0.00000000000000000000,	 0.00000000000000000000,	 -12.34184116055123503486,	 0.05000000000000000278,	 0.04157225786333165751,	 0.00000000000000000000,	 0.00000000000000000000
6.75620000000000064944,	 34.54999999999999715783,	 0.39999999999999996669,	 0.50265482457436694297, 1128379.16709551215171813965,	 0.45376394244607404227,	 0.05376394244607407558,	 0.64685931666387908034,	 18.13993981588993165133,	 28.04309893756358107453,	 105917.37059241176757495850,	 106310.57829142276023048908,	 0.00000000000000000000,	 0.00000000000000000000,	 -247.20429557618507487859,	 0.00000000000000000000,	 0.00000000000000000000,	 -12.36021477880925445447,	 0.05000000000000000278,	 0.04163044114177050226,	 0.00000000000000000000,	 0.00000000000000000000
6.75730000000000075033,	 34.54999999999999715783,	 0.39999999999999996669,	 0.50265482457436694297, 1128379.16709551215171813965,	 0.45368405359009567057,	 0.05368405359009570388,	 0.64663156696017909386,	 18.15759861862906632268,	 28.08028488925788579422,	 105775.58756353956414386630,	 106169.83876327051257248968,	 0.00000000000000000000,	 0.00000000000000000000,	 -247.57568327167581401227,	 0.00000000000000000000,	 0.00000000000000000000,	 -12.37878416358379141116,	 0.05000000000000000278,	 0.04168931433209635551,	 0.00000000000000000000,	 0.00000000000000000000
6.75839999999999996305,	 34.54999999999999715783,	 0.39999999999999996669,	 0.50265482457436694297, 1128379.16709551215171813965,	 0.45360507532966837241,	 0.05360507532966840571,	 0.64640645262909179891,	 18.17563178226843234597,	 28.11796155243149186731,	 105635.57512220818898640573,	 106030.88500314019620418549,	 0.00000000000000000000,	 0.00000000000000000000,	 -247.95103125330857096742,	 0.00000000000000000000,	 0.00000000000000000000,	 -12.39755156266542890364,	 0.05000000000000000278,	 0.04174888490626506993,	 0.00000000000000000000,	 0.00000000000000000000
6.75950000000000006395,	 34.54999999999999715783,	 0.39999999999999996669,	 0.50265482457436694297, 1128379.16709551215171813965,	 0.45352700424897474107,	 0.05352700424897477438,	 0.64618396258131605148,	 18.19404132748902469530,	 28.15613258925391448884,	 105497.31102533118973951787,	 105893.69492652300687041134,	 0.00000000000000000000,	 0.00000000000000000000,	 -248.33037349896736145638,	 0.00000000000000000000,	 0.00000000000000000000,	 -12.41651867494836913863,	 0.05000000000000000278,	 0.04180915845295105765,	 0.00000000000000000000,	 0.00000000000000000000
6.76060000000000016485,	 34.54999999999999715783,	 0.39999999999999996669,	 0.50265482457436694297, 1128379.16709551215171813965,	 0.45344983618219630861,	 0.05344983618219634192,	 0.64596408361296864253,	 18.21282836816608607933,	 28.19480034601793505544,	 105360.77194543305085971951,	 105758.24532870895927771926,	 0.00000000000000000000,	 0.00000000000000000000,	 -248.71373277717322025637,	 0.00000000000000000000,	 0.00000000000000000000,	 -12.43568663885866243390,	 0.05000000000000000278,	 0.04187013864010142444,	 0.00000000000000000000,	 0.00000000000000000000
6.76170000000000026574,	 34.54999999999999715783,	 0.39999999999999996669,	 0.50265482457436694297, 1128379.16709551215171813965,	 0.45337356623543495493,	 0.05337356623543498824,	 0.64574680046963450764,	 18.23199310070429035591,	 28.23396583218785593772,	 105225.93353704716719221324,	 105624.51195035374257713556,	 0.00000000000000000000,	 0.00000000000000000000,	 -249.10112044358652383380,	 0.00000000000000000000,	 0.00000000000000000000,	 -12.45505602217932761278,	 0.05000000000000000278,	 0.04193182718223693178,	 0.00000000000000000000,	 0.00000000000000000000
6.76280000000000036664,	 34.54999999999999715783,	 0.39999999999999996669,	 0.50265482457436694297, 1128379.16709551215171813965,	 0.45329818880961902927,	 0.05329818880961906258,	 0.64553209591309457238,	 18.25153479636379927342,	 28.27362870400317262920,	 105092.77050118638726416975,	 105492.46954123230534605682,	 0.00000000000000000000,	 0.00000000000000000000,	 -249.49253627728774063144,	 0.00000000000000000000,	 0.00000000000000000000,	 -12.47462681386438632103,	 0.04999999999999999584,	 0.04199422381448453256,	 0.00000000000000000000,	 0.00000000000000000000
6.76390000000000046754,	 34.54999999999999715783,	 0.39999999999999996669,	 0.50265482457436694297, 1128379.16709551215171813965,	 0.45322369762419945083,	 0.05322369762419948414,	 0.64531995079018056316,	 18.27145179715920164654,	 28.31378725357273751229,	 104961.25664820593374315649,	 105362.09192252621869556606,	 0.00000000000000000000,	 0.00000000000000000000,	 -249.88796836523539468544,	 0.00000000000000000000,	 0.00000000000000000000,	 -12.49439841826177044481,	 0.05000000000000000278,	 0.04205732627474311619,	 0.00000000000000000000,	 0.00000000000000000000
6.76500000000000056843,	 34.54999999999999715783,	 0.39999999999999996669,	 0.50265482457436694297, 1128379.16709551215171813965,	 0.45315008574153403664,	 0.05315008574153406995,	 0.64511034410346401735,	 18.29174151507234213909,	 28.35443840308143848006,	 104831.36496070302382577211,	 105233.35204928008897695690,	 0.00000000000000000000,	 0.00000000000000000000,	 -250.28739303166878471529,	 0.00000000000000000000,	 0.00000000000000000000,	 -12.51436965158343994631,	 0.05000000000000000278,	 0.04212113029342959974,	 0.00000000000000000000,	 0.00000000000000000000
6.76610000000000066933,	 34.54999999999999715783,	 0.39999999999999996669,	 0.50265482457436694297, 1128379.16709551215171813965,	 0.45307734559190931956,	 0.05307734559190935286,	 0.64490325308364204737,	 18.31240043418645058182,	 28.39557770351545329390,	 104703.06765682627155911177,	 105106.22207338445878122002,	 0.00000000000000000000,	 0.00000000000000000000,	 -250.69077480728066120719,	 0.00000000000000000000,	 0.00000000000000000000,	 -12.53453874036403270509,	 0.04999999999999999584,	 0.04218562958992858741,	 0.00000000000000000000,	 0.00000000000000000000
6.76719999999999988205,	 34.54999999999999715783,	 0.39999999999999996669,	 0.50265482457436694297, 1128379.16709551215171813965,	 0.45300546899915705712,	 0.05300546899915709043,	 0.64469865326349506951,	 18.33342411546461647731,	 28.43719933748885253522,	 104576.33625382640457246453,	 104980.67340690644050482661,	 0.00000000000000000000,	 0.00000000000000000000,	 -251.09806643452918706316,	 0.00000000000000000000,	 0.00000000000000000000,	 -12.55490332172646006370,	 0.05000000000000000278,	 0.04225081587513052767,	 0.00000000000000000000,	 0.00000000000000000000
6.76829999999999998295,	 34.54999999999999715783,	 0.39999999999999996669,	 0.50265482457436694297, 1128379.16709551215171813965,	 0.45293444720681524940,	 0.05293444720681528270,	 0.64449651855327816374,	 18.35480720399866427783,	 28.47929612591280346123,	 104451.14163163602643180639,	 104856.67678554974554572254,	 0.00000000000000000000,	 0.00000000000000000000,	 -251.50920890685816289079,	 0.00000000000000000000,	 0.00000000000000000000,	 -12.57546044534290885508,	 0.05000000000000000278,	 0.04231667885967801968,	 0.00000000000000000000,	 0.00000000000000000000
6.76940000000000008384,	 34.54999999999999715783,	 0.39999999999999996669,	 0.50265482457436694297, 1128379.16709551215171813965,	 0.45286427090477854307,	 0.05286427090477857638,	 0.64429682131739041129,	 18.37654343861256833748,	 28.52185953833846809857,	 104327.45409624261083081365,	 104734.20233200496295467019,	 0.00000000000000000000,	 0.00000000000000000000,	 -251.92413154038041511740,	 0.00000000000000000000,	 0.00000000000000000000,	 -12.59620657701902146641,	 0.05000000000000000278,	 0.04238320626767350802,	 0.00000000000000000000,	 0.00000000000000000000
6.77050000000000018474,	 34.54999999999999715783,	 0.39999999999999996669,	 0.50265482457436694297, 1128379.16709551215171813965,	 0.45279493025637557180,	 0.05279493025637560510,	 0.64409953245214801587,	 18.39862566372207197674,	 28.56487970683157939789,	 104205.24344260302314069122,	 104613.21961893590923864394,	 0.00000000000000000000,	 0.00000000000000000000,	 -252.34275207682168229439,	 0.00000000000000000000,	 0.00000000000000000000,	 -12.61713760384108340418,	 0.04999999999999999584,	 0.04245038385564150335,	 0.00000000000000000000,	 0.00000000000000000000
6.77160000000000028564,	 34.54999999999999715783,	 0.39999999999999996669,	 0.50265482457436694297, 1128379.16709551215171813965,	 0.45272641492581144895,	 0.05272641492581148226,	 0.64390462146448790293,	 18.42104584340484407790,	 28.60834544331778417359,	 104084.47901709744473919272,	 104493.69773159954638686031,	 0.00000000000000000000,	 0.00000000000000000000,	 -252.76497681723165555923,	 0.00000000000000000000,	 0.00000000000000000000,	 -12.63824884086158384378,	 0.05000000000000000278,	 0.04251819543665857903,	 0.00000000000000000000,	 0.00000000000000000000
6.77270000000000038654,	 34.54999999999999715783,	 0.39999999999999996669,	 0.50265482457436694297, 1128379.16709551215171813965,	 0.45265871410592206647,	 0.05265871410592209978,	 0.64371205655145324886,	 18.44379507768609727236,	 28.65224426041466543325,	 103965.12977959150157403201,	 104375.60533017072884831578,	 0.00000000000000000000,	 0.00000000000000000000,	 -253.19070078664205425412,	 0.00000000000000000000,	 0.00000000000000000000,	 -12.65953503933210200216,	 0.04999999999999999584,	 0.04258662290967796943,	 0.00000000000000000000,	 0.00000000000000000000
6.77380000000000048743,	 34.54999999999999715783,	 0.39999999999999996669,	 0.50265482457436694297, 1128379.16709551215171813965,	 0.45259181654619051738,	 0.05259181654619055069,	 0.64352180468032105232,	 18.46686362099858769170,	 28.69656239569422950808,	 103847.16436492488719522953,	 104258.91071158988052047789,	 0.00000000000000000000,	 0.00000000000000000000,	 -253.61980792920962812786,	 0.00000000000000000000,	 0.00000000000000000000,	 -12.68099039646048176166,	 0.05000000000000000278,	 0.04265564629396838281,	 0.00000000000000000000,	 0.00000000000000000000
6.77490000000000058833,	 34.54999999999999715783,	 0.39999999999999996669,	 0.50265482457436694297, 1128379.16709551215171813965,	 0.45252571058096463519,	 0.05252571058096466849,	 0.64333383166920610208,	 18.49024090269805142839,	 28.74128483919914955891,	 103730.55114348206552676857,	 104143.58187058605835773051,	 0.00000000000000000000,	 0.00000000000000000000,	 -254.05217133232341097937,	 0.00000000000000000000,	 0.00000000000000000000,	 -12.70260856661617232533,	 0.05000000000000000971,	 0.04272524376840737548,	 0.00000000000000000000,	 0.00000000000000000000
6.77600000000000068923,	 34.54999999999999715783,	 0.39999999999999996669,	 0.50265482457436694297, 1128379.16709551215171813965,	 0.45246038415780814868,	 0.05246038415780818198,	 0.64314810226794749681,	 18.51391554948313711293,	 28.78639536398708642650,	 103615.25828058265324216336,	 104029.58655960853502620012,	 0.00000000000000000000,	 0.00000000000000000000,	 -254.48765347771998790449,	 0.00000000000000000000,	 0.00000000000000000000,	 -12.72438267388599975050,	 0.05000000000000000278,	 0.04279539171529743447,	 0.00000000000000000000,	 0.00000000000000000000
6.77709999999999990195,	 34.54999999999999715783,	 0.39999999999999996669,	 0.50265482457436694297, 1128379.16709551215171813965,	 0.45239582486591695121,	 0.05239582486591698451,	 0.64296458023908964474,	 18.53787540960879098861,	 28.83187655953830130784,	 103501.25379464155412279069,	 103916.89234761378611437976,	 0.00000000000000000000,	 0.00000000000000000000,	 -254.92610651819003919627,	 0.00000000000000000000,	 0.00000000000000000000,	 -12.74630532590950338090,	 0.05000000000000000278,	 0.04286606476846274716,	 0.00000000000000000000,	 0.00000000000000000000
6.77820000000000000284,	 34.54999999999999715783,	 0.39999999999999996669,	 0.50265482457436694297, 1128379.16709551215171813965,	 0.45233201996451244398,	 0.05233201996451247728,	 0.64278322843871249503,	 18.56210757851712500610,	 28.87770986745178802835,	 103388.50561267328157555312,	 103805.46667626764974556863,	 0.00000000000000000000,	 0.00000000000000000000,	 -255.36737257483900975785,	 0.00000000000000000000,	 0.00000000000000000000,	 -12.76836862874195155371,	 0.05000000000000000278,	 0.04293723586477612292,	 0.00000000000000000000,	 0.00000000000000000000
6.77930000000000010374,	 34.54999999999999715783,	 0.39999999999999996669,	 0.50265482457436694297, 1128379.16709551215171813965,	 0.45226895641091846567,	 0.05226895641091849898,	 0.64260400889627611321,	 18.58659842382473215139,	 28.92387561625814385025,	 103276.98161545107723213732,	 103695.27690578346664551646,	 0.00000000000000000000,	 0.00000000000000000000,	 -255.81128402700937840564,	 0.00000000000000000000,	 0.00000000000000000000,	 -12.79056420135046856501,	 0.04999999999999999584,	 0.04300887629441307175,	 0.00000000000000000000,	 0.00000000000000000000
6.78040000000000020464,	 34.54999999999999715783,	 0.39999999999999996669,	 0.50265482457436694297, 1128379.16709551215171813965,	 0.45220662088774660203,	 0.05220662088774663534,	 0.64242688289185634343,	 18.61133360751192711291,	 28.97035305206069111250,	 103166.64967155610793270171,	 103586.29034953663358464837,	 0.00000000000000000000,	 0.00000000000000000000,	 -256.25766376606981111763,	 0.00000000000000000000,	 0.00000000000000000000,	 -12.81288318830349126642,	 0.05000000000000000278,	 0.04308095574496724478,	 0.00000000000000000000,	 0.00000000000000000000
6.78150000000000030553,	 34.54999999999999715783,	 0.39999999999999996669,	 0.50265482457436694297, 1128379.16709551215171813965,	 0.45214499982936962041,	 0.05214499982936965372,	 0.64225181103128148319,	 18.63629811030841665342,	 29.01712037274538502629,	 103057.47768598672701045871,	 103478.47432334991754032671,	 0.00000000000000000000,	 0.00000000000000000000,	 -256.70632548139076334337,	 0.00000000000000000000,	 0.00000000000000000000,	 -12.83531627406953923298,	 0.05000000000000000278,	 0.04315344235092571229,	 0.00000000000000000000,	 0.00000000000000000000
6.78260000000000040643,	 34.54999999999999715783,	 0.39999999999999996669,	 0.50265482457436694297, 1128379.16709551215171813965,	 0.45208407944885425911,	 0.05208407944885429242,	 0.64207875332250863298,	 18.66147626500871581356,	 29.06415477609687414429,	 102949.43367365900485310704,	 103371.79622008345904760063,	 0.00000000000000000000,	 0.00000000000000000000,	 -257.15707406931591094690,	 0.00000000000000000000,	 0.00000000000000000000,	 -12.85785370346579625789,	 0.05000000000000000278,	 0.04322630276382311704,	 0.00000000000000000000,	 0.00000000000000000000
6.78370000000000050733,	 34.54999999999999715783,	 0.39999999999999996669,	 0.50265482457436694297, 1128379.16709551215171813965,	 0.45202384576602133714,	 0.05202384576602137045,	 0.64190766925513331742,	 18.68685179764055348528,	 29.11143252007674320225,	 102842.48583790351403877139,	 103266.22358958900440484285,	 0.00000000000000000000,	 0.00000000000000000000,	 -257.60970614940112000113,	 0.00000000000000000000,	 0.00000000000000000000,	 -12.88048530747005671060,	 0.05000000000000000278,	 0.04329950224045622104,	 0.00000000000000000000,	 0.00000000000000000000
6.78480000000000060822,	 34.54999999999999715783,	 0.39999999999999996669,	 0.50265482457436694297, 1128379.16709551215171813965,	 0.45196428463625371030,	 0.05196428463625374361,	 0.64173851788195801493,	 18.71240787109405090405,	 29.15892898692428047980,	 102736.60263671820575837046,	 103161.72420655045425519347,	 0.00000000000000000000,	 0.00000000000000000000,	 -258.06401061439390787200,	 0.00000000000000000000,	 0.00000000000000000000,	 -12.90320053071969752523,	 0.05000000000000000971,	 0.04337300473677719453,	 0.00000000000000000000,	 0.00000000000000000000
6.78590000000000070912,	 34.54999999999999715783,	 0.39999999999999996669,	 0.50265482457436694297, 1128379.16709551215171813965,	 0.45190538177929245878,	 0.05190538177929249208,	 0.64157125790046376501,	 18.73812712744778607998,	 29.20661874530997437205,	 102631.75283420013147406280,	 103058.26612346708134282380,	 0.00000000000000000000,	 0.00000000000000000000,	 -258.51976916330949052281,	 0.00000000000000000000,	 0.00000000000000000000,	 -12.92598845816547381560,	 0.04999999999999999584,	 0.04344677299891881728,	 0.00000000000000000000,	 0.00000000000000000000
6.78699999999999992184,	 34.54999999999999715783,	 0.39999999999999996669,	 0.50265482457436694297, 1128379.16709551215171813965,	 0.45184712280744077084,	 0.05184712280744080415,	 0.64140584773253961348,	 18.76399172796836367638,	 29.25447560901062615812,	 102527.90554203059582505375,	 102955.81771360969287343323,	 0.00000000000000000000,	 0.00000000000000000000,	 -258.97675680433815159631,	 0.00000000000000000000,	 0.00000000000000000000,	 -12.94883784021690864563,	 0.05000000000000000278,	 0.04352076864909784626,	 0.00000000000000000000,	 0.00000000000000000000
6.78810000000000002274,	 34.54999999999999715783,	 0.39999999999999996669,	 0.50265482457436694297, 1128379.16709551215171813965,	 0.45178949325288242367,	 0.05178949325288245698,	 0.64124224560163967102,	 18.78998339118247784540,	 29.30247269275427868251,	 102425.03025514767796266824,	 102854.34770810249028727412,	 0.00000000000000000000,	 0.00000000000000000000,	 -259.43474233344028334614,	 0.00000000000000000000,	 0.00000000000000000000,	 -12.97173711667201523312,	 0.05000000000000000278,	 0.04359495226737087475,	 0.00000000000000000000,	 0.00000000000000000000
6.78920000000000012363,	 34.54999999999999715783,	 0.39999999999999996669,	 0.50265482457436694297, 1128379.16709551215171813965,	 0.45173247859406023830,	 0.05173247859406027160,	 0.64108040960722323387,	 18.81608343012890216528,	 29.35058246695937711479,	 102323.09688676946097984910,	 102753.82523234435939230025,	 0.00000000000000000000,	 0.00000000000000000000,	 -259.89348880388700990807,	 0.00000000000000000000,	 0.00000000000000000000,	 -12.99467444019435014013,	 0.04999999999999999584,	 0.04366928347180736025,	 0.00000000000000000000,	 0.00000000000000000000
6.79030000000000022453,	 34.54999999999999715783,	 0.39999999999999996669,	 0.50265482457436694297, 1128379.16709551215171813965,	 0.45167606428113366013,	 0.05167606428113369343,	 0.64092029779653036936,	 18.84227278922205783829,	 29.39877681203321202474,	 102222.07580126244283746928,	 102654.21984028432052582502,	 0.00000000000000000000,	 0.00000000000000000000,	 -260.35275399260240192234,	 0.00000000000000000000,	 0.00000000000000000000,	 -13.01763769963011974085,	 0.04999999999999999584,	 0.04374372099806642100,	 0.00000000000000000000,	 0.00000000000000000000
6.79140000000000032543,	 34.54999999999999715783,	 0.39999999999999996669,	 0.50265482457436694297, 1128379.16709551215171813965,	 0.45162023576058152319,	 0.05162023576058155649,	 0.64076186823389202907,	 18.86853208139953963496,	 29.44702707326540647159,	 102121.93784700383548624814,	 102555.50154873065184801817,	 0.00000000000000000000,	 0.00000000000000000000,	 -260.81229087242428477111,	 0.00000000000000000000,	 0.00000000000000000000,	 -13.04061454362121530437,	 0.05000000000000000278,	 0.04381822277991387349,	 0.00000000000000000000,	 0.00000000000000000000
6.79250000000000042633,	 34.54999999999999715783,	 0.39999999999999996669,	 0.50265482457436694297, 1128379.16709551215171813965,	 0.45156497849901661157,	 0.05156497849901664488,	 0.64060507906776131826,	 18.89484162570616732069,	 29.49530411654373907027,	 102022.65438855880347546190,	 102457.64087102250778116286,	 0.00000000000000000000,	 0.00000000000000000000,	 -261.27184809224939954220,	 0.00000000000000000000,	 0.00000000000000000000,	 -13.06359240461247139820,	 0.05000000000000000278,	 0.04389274603101381983,	 0.00000000000000000000,	 0.00000000000000000000
6.79360000000000052722,	 34.54999999999999715783,	 0.39999999999999996669,	 0.50265482457436694297, 1128379.16709551215171813965,	 0.45151027800622561825,	 0.05151027800622565156,	 0.64044988859551299498,	 18.92118148528804155717,	 29.54357838484695975012,	 101924.19733803291455842555,	 102360.60884992370847612619,	 0.00000000000000000000,	 0.00000000000000000000,	 -261.73117046464756185742,	 0.00000000000000000000,	 0.00000000000000000000,	 -13.08655852323237844814,	 0.05000000000000000278,	 0.04396724732792597901,	 0.00000000000000000000,	 0.00000000000000000000
6.79470000000000062812,	 34.54999999999999715783,	 0.39999999999999996669,	 0.50265482457436694297, 1128379.16709551215171813965,	 0.45145611985747807759,	 0.05145611985747811090,	 0.64029625532613576588,	 18.94753150584194401063,	 29.59181995557820954446,	 101826.53918495272228028625,	 102264.37708909439970739186,	 0.00000000000000000000,	 0.00000000000000000000,	 -262.18999946147732771351,	 0.00000000000000000000,	 0.00000000000000000000,	 -13.10949997307386638568,	 0.05000000000000000278,	 0.04404168269440095901,	 0.00000000000000000000,	 0.00000000000000000000
6.79580000000000072902,	 34.54999999999999715783,	 0.39999999999999996669,	 0.50265482457436694297, 1128379.16709551215171813965,	 0.45140248971508040166,	 0.05140248971508043496,	 0.64014413804075420700,	 18.97387135433208982249,	 29.63999859844711437518,	 101729.65302460768725723028,	 102168.91778306565538514405,	 0.00000000000000000000,	 0.00000000000000000000,	 -262.64807371492798893087,	 0.00000000000000000000,	 0.00000000000000000000,	 -13.13240368574640015709,	 0.05000000000000000278,	 0.04411600768653965721,	 0.00000000000000000000,	 0.00000000000000000000
6.79689999999999994174,	 34.54999999999999715783,	 0.39999999999999996669,	 0.50265482457436694297, 1128379.16709551215171813965,	 0.45134937334920710583,	 0.05134937334920713914,	 0.63999349585107478955,	 19.00018055807104744304,	 29.68808383404626383140,	 101633.51258587409392930567,	 102074.20374674277263693511,	 0.00000000000000000000,	 0.00000000000000000000,	 -263.10512952525334640086,	 0.00000000000000000000,	 0.00000000000000000000,	 -13.15525647626266803059,	 0.05000000000000000278,	 0.04419017747903182525,	 0.00000000000000000000,	 0.00000000000000000000
6.79800000000000004263,	 34.54999999999999715783,	 0.39999999999999996669,	 0.50265482457436694297, 1128379.16709551215171813965,	 0.45129675665793217432,	 0.05129675665793220762,	 0.63984428825553796294,	 19.02643854354950647689,	 29.73604499216974872411,	 101538.09225429668731521815,	 101980.20844018485513515770,	 0.00000000000000000000,	 0.00000000000000000000,	 -263.56090136680217028697,	 0.00000000000000000000,	 0.00000000000000000000,	 -13.17804506834010958016,	 0.05000000000000000278,	 0.04426414695105974212,	 0.00000000000000000000,	 0.00000000000000000000
6.79910000000000014353,	 34.54999999999999715783,	 0.39999999999999996669,	 0.50265482457436694297, 1128379.16709551215171813965,	 0.45124462568653872507,	 0.05124462568653875838,	 0.63969647519340389064,	 19.05262467485401600698,	 29.78385126960986184486,	 101443.36709255818277597427,	 101886.90599078329978510737,	 0.00000000000000000000,	 0.00000000000000000000,	 -264.01512238995167081157,	 0.00000000000000000000,	 0.00000000000000000000,	 -13.20075611949758531694,	 0.05000000000000000971,	 0.04433787077146964656,	 0.00000000000000000000,	 0.00000000000000000000
6.80020000000000024443,	 34.54999999999999715783,	 0.39999999999999996669,	 0.50265482457436694297, 1128379.16709551215171813965,	 0.45119296664503094618,	 0.05119296664503097949,	 0.63955001709372205632,	 19.07871829236856342504,	 29.83147178866027005029,	 101349.31283569283550605178,	 101794.27119023165141697973,	 0.00000000000000000000,	 0.00000000000000000000,	 -264.46752493045585197251,	 0.00000000000000000000,	 0.00000000000000000000,	 -13.22337624652279330917,	 0.05000000000000000278,	 0.04441130348509179232,	 0.00000000000000000000,	 0.00000000000000000000
6.80130000000000034532,	 34.54999999999999715783,	 0.39999999999999996669,	 0.50265482457436694297, 1128379.16709551215171813965,	 0.45114176592623295159,	 0.05114176592623298490,	 0.63940487492594977326,	 19.10469875393845740064,	 29.87887565941844769668,	 101255.90567183430539444089,	 101702.27927716980047989637,	 0.00000000000000000000,	 0.00000000000000000000,	 -264.91784105224257928057,	 0.00000000000000000000,	 0.00000000000000000000,	 -13.24589205261212931930,	 0.05000000000000000278,	 0.04448439960469720289,	 0.00000000000000000000,	 0.00000000000000000000
6.80240000000000044622,	 34.54999999999999715783,	 0.39999999999999996669,	 0.50265482457436694297, 1128379.16709551215171813965,	 0.45109101010701696532,	 0.05109101010701699863,	 0.63926101020273895514,	 19.13054547034145613793,	 29.92603203545025181143,	 101163.12354345772473607212,	 101610.90724015112209599465,	 0.00000000000000000000,	 0.00000000000000000000,	 -265.36580304139147301612,	 0.00000000000000000000,	 0.00000000000000000000,	 -13.26829015206957329553,	 0.04999999999999999584,	 0.04455711369391442828,	 0.00000000000000000000,	 0.00000000000000000000
6.80350000000000054712,	 34.54999999999999715783,	 0.39999999999999996669,	 0.50265482457436694297, 1128379.16709551215171813965,	 0.45104068588718604360,	 0.05104068588718607691,	 0.63911838480605409618,	 19.15623804606929425631,	 29.97291034255323083357,	 101070.93305538775166496634,	 101520.12073258911550510675,	 0.00000000000000000000,	 0.00000000000000000000,	 -265.81114547214070853443,	 0.00000000000000000000,	 0.00000000000000000000,	 -13.29055727360703720308,	 0.05000000000000000971,	 0.04462940071098829564,	 0.00000000000000000000,	 0.00000000000000000000
6.80460000000000064801,	 34.54999999999999715783,	 0.39999999999999996669,	 0.50265482457436694297, 1128379.16709551215171813965,	 0.45099078004007520093,	 0.05099078004007523424,	 0.63897696084663069271,	 19.18175625310572129933,	 30.01948024493763966802,	 100979.34407737682340666652,	 101429.92867446492891758680,	 0.00000000000000000000,	 0.00000000000000000000,	 -266.25360493862069688475,	 0.00000000000000000000,	 0.00000000000000000000,	 -13.31268024693103413369,	 0.04999999999999999584,	 0.04470121596108532491,	 0.00000000000000000000,	 0.00000000000000000000
6.80570000000000074891,	 34.54999999999999715783,	 0.39999999999999996669,	 0.50265482457436694297, 1128379.16709551215171813965,	 0.45094128100013214366,	 0.05094128100013217697,	 0.63883670516167345710,	 19.20707981358454929932,	 30.06571109392301011098,	 100888.31367867955123074353,	 101340.28717047117243055254,	 0.00000000000000000000,	 0.00000000000000000000,	 -266.69291422813165581829,	 0.00000000000000000000,	 0.00000000000000000000,	 -13.33464571140658350146,	 0.05000000000000000278,	 0.04477251419671280513,	 0.00000000000000000000,	 0.00000000000000000000
6.80679999999999996163,	 34.54999999999999715783,	 0.39999999999999996669,	 0.50265482457436694297, 1128379.16709551215171813965,	 0.45089217592461600104,	 0.05089217592461603434,	 0.63869758098762974274,	 19.23218897078112021859,	 30.11157321285299914848,	 100797.82621343058417551219,	 101251.17963410708762239665,	 0.00000000000000000000,	 0.00000000000000000000,	 -267.12881545220966472698,	 0.00000000000000000000,	 0.00000000000000000000,	 -13.35644077261048501271,	 0.05000000000000000971,	 0.04484325167667904677,	 0.00000000000000000000,	 0.00000000000000000000
6.80790000000000006253,	 34.54999999999999715783,	 0.39999999999999996669,	 0.50265482457436694297, 1128379.16709551215171813965,	 0.45084345254938507086,	 0.05084345254938510417,	 0.63855955321880375486,	 19.25706394417330713509,	 30.15703679806170711686,	 100707.85993494308786466718,	 101162.58336916290863882750,	 0.00000000000000000000,	 0.00000000000000000000,	 -267.56104920705996619290,	 0.00000000000000000000,	 0.00000000000000000000,	 -13.37805246035299866492,	 0.05000000000000000278,	 0.04491338443789699014,	 0.00000000000000000000,	 0.00000000000000000000
6.80900000000000016342,	 34.54999999999999715783,	 0.39999999999999996669,	 0.50265482457436694297, 1128379.16709551215171813965,	 0.45079509896303299188,	 0.05079509896303302519,	 0.63842258776642135665,	 19.28168522008925123146,	 30.20207240402936577084,	 100618.39749078665045090020,	 101074.48007953577325679362,	 0.00000000000000000000,	 0.00000000000000000000,	 -267.98935901036549012133,	 0.00000000000000000000,	 0.00000000000000000000,	 -13.39946795051827521661,	 0.05000000000000000278,	 0.04498286902905504481,	 0.00000000000000000000,	 0.00000000000000000000
6.81010000000000026432,	 34.54999999999999715783,	 0.39999999999999996669,	 0.50265482457436694297, 1128379.16709551215171813965,	 0.45074710354684832669,	 0.05074710354684836000,	 0.63828665138776774501,	 19.30603358712265915642,	 30.24665100726661393082,	 100529.42220484899007715285,	 100986.85215342667652294040,	 0.00000000000000000000,	 0.00000000000000000000,	 -268.41349190498289090101,	 0.00000000000000000000,	 0.00000000000000000000,	 -13.42067459524914596614,	 0.05000000000000000278,	 0.04505166260886439566,	 0.00000000000000000000,	 0.00000000000000000000
6.81120000000000036522,	 34.54999999999999715783,	 0.39999999999999996669,	 0.50265482457436694297, 1128379.16709551215171813965,	 0.45069945498690877628,	 0.05069945498690880958,	 0.63815171171972429054,	 19.33009016489456044496,	 30.29074405019275317841,	 100440.91755965452466625720,	 100899.68214721167169045657,	 0.00000000000000000000,	 0.00000000000000000000,	 -268.83319884265307564419,	 0.00000000000000000000,	 0.00000000000000000000,	 -13.44165994213265413748,	 0.05000000000000000278,	 0.04511972301094439863,	 0.00000000000000000000,	 0.00000000000000000000
6.81230000000000046612,	 34.54999999999999715783,	 0.39999999999999996669,	 0.50265482457436694297, 1128379.16709551215171813965,	 0.45065214228223449133,	 0.05065214228223452464,	 0.63801773730114552663,	 19.35383643375836371092,	 30.33432348703389891398,	 100352.86775281712471041828,	 100812.95334352513600606471,	 0.00000000000000000000,	 0.00000000000000000000,	 -269.24823508803928007183,	 0.00000000000000000000,	 0.00000000000000000000,	 -13.46241175440196613522,	 0.05000000000000000971,	 0.04518700881191832497,	 0.00000000000000000000,	 0.00000000000000000000
6.81340000000000056701,	 34.54999999999999715783,	 0.39999999999999996669,	 0.50265482457436694297, 1128379.16709551215171813965,	 0.45060515475171752930,	 0.05060515475171756261,	 0.63788469759177401919,	 19.37725425799696665763,	 30.37736181970271331920,	 100265.25783836476330179721,	 100726.64989392732968553901,	 0.00000000000000000000,	 0.00000000000000000000,	 -269.65836053465096711079,	 0.00000000000000000000,	 0.00000000000000000000,	 -13.48291802673255013190,	 0.05000000000000000971,	 0.04525347938465323211,	 0.00000000000000000000,	 0.00000000000000000000
6.81450000000000066791,	 34.54999999999999715783,	 0.39999999999999996669,	 0.50265482457436694297, 1128379.16709551215171813965,	 0.45055848204014786740,	 0.05055848204014790070,	 0.63775256298860061310,	 19.40032591808332895766,	 30.41983214802085555561,	 100178.07362766825826838613,	 100640.75672162513365037739,	 0.00000000000000000000,	 0.00000000000000000000,	 -270.06334014868457416014,	 0.00000000000000000000,	 0.00000000000000000000,	 -13.50316700743422870801,	 0.05000000000000000278,	 0.04531909497291634892,	 0.00000000000000000000,	 0.00000000000000000000
6.81560000000000076881,	 34.54999999999999715783,	 0.39999999999999996669,	 0.50265482457436694297, 1128379.16709551215171813965,	 0.45051211412392550004,	 0.05051211412392553335,	 0.63762130484134571518,	 19.42303413339794104786,	 30.46170820504628906633,	 100091.30171807658916804940,	 100555.25955146127671469003,	 0.00000000000000000000,	 0.00000000000000000000,	 -270.46294428093426631676,	 0.00000000000000000000,	 0.00000000000000000000,	 -13.52314721404671438165,	 0.05000000000000000278,	 0.04538381674386673947,	 0.00000000000000000000,	 0.00000000000000000000
6.81669999999999998153,	 34.54999999999999715783,	 0.39999999999999996669,	 0.50265482457436694297, 1128379.16709551215171813965,	 0.45046604131578416030,	 0.05046604131578419361,	 0.63749089546514703386,	 19.44536208737004656655,	 30.50296439634903933324,	 100004.92946608987404033542,	 100470.14488457234983798116,	 0.00000000000000000000,	 0.00000000000000000000,	 -270.85694901441826232258,	 0.00000000000000000000,	 0.00000000000000000000,	 -13.54284745072091311613,	 0.05000000000000000278,	 0.04544760684648458532,	 0.00000000000000000000,	 0.00000000000000000000
6.81780000000000008242,	 34.54999999999999715783,	 0.39999999999999996669,	 0.50265482457436694297, 1128379.16709551215171813965,	 0.45042025426856019399,	 0.05042025426856022730,	 0.63736130815055280774,	 19.46729344979132392268,	 30.54357583500017270239,	 99918.94498242263216525316,	 100385.39999481683480553329,	 0.00000000000000000000,	 0.00000000000000000000,	 -271.24513647460236143161,	 0.00000000000000000000,	 0.00000000000000000000,	 -13.56225682373011842685,	 0.05000000000000000278,	 0.04551042846366915723,	 0.00000000000000000000,	 0.00000000000000000000
6.81890000000000018332,	 34.54999999999999715783,	 0.39999999999999996669,	 0.50265482457436694297, 1128379.16709551215171813965,	 0.45037474397806259718,	 0.05037474397806263049,	 0.63723251717098106095,	 19.48881239814072330319,	 30.58351837514832993747,	 99833.33711805634084157646,	 100301.01291615785157773644,	 0.00000000000000000000,	 0.00000000000000000000,	 -271.62729512770397377608,	 0.00000000000000000000,	 0.00000000000000000000,	 -13.58136475638520046516,	 0.05000000000000000971,	 0.04557224586228435931,	 0.00000000000000000000,	 0.00000000000000000000
6.82000000000000028422,	 34.54999999999999715783,	 0.39999999999999996669,	 0.50265482457436694297, 1128379.16709551215171813965,	 0.45032950178505709582,	 0.05032950178505712913,	 0.63710449778768074580,	 19.50990363730745613680,	 30.62276864322069158675,	 99748.09545007254928350449,	 100216.97242976065899711102,	 0.00000000000000000000,	 0.00000000000000000000,	 -272.00322005851597850778,	 0.00000000000000000000,	 0.00000000000000000000,	 -13.60016100292579999120,	 0.05000000000000000278,	 0.04563302443971631317,	 0.00000000000000000000,	 0.00000000000000000000
6.82110000000000038511,	 34.54999999999999715783,	 0.39999999999999996669,	 0.50265482457436694297, 1128379.16709551215171813965,	 0.45028451937635605162,	 0.05028451937635608493,	 0.63697722625217345627,	 19.53055241784464968191,	 30.66130406695683419116,	 99663.21026623882062267512,	 100133.26804978201107587665,	 0.00000000000000000000,	 0.00000000000000000000,	 -272.37271322960629049703,	 0.00000000000000000000,	 0.00000000000000000000,	 -13.61863566148031523539,	 0.05000000000000000278,	 0.04569273076725388627,	 0.00000000000000000000,	 0.00000000000000000000
6.82220000000000048601,	 34.54999999999999715783,	 0.39999999999999996669,	 0.50265482457436694297, 1128379.16709551215171813965,	 0.45023978878504888890,	 0.05023978878504892220,	 0.63685067980627618756,	 19.55074455274037958930,	 30.69910290224943594239,	 99578.67254816809145268053,	 100049.89000766954268328846,	 0.00000000000000000000,	 0.00000000000000000000,	 -272.73558372163893182005,	 0.00000000000000000000,	 0.00000000000000000000,	 -13.63677918608194694627,	 0.05000000000000000278,	 0.04575133263025150249,	 0.00000000000000000000,	 0.00000000000000000000
6.82330000000000058691,	 34.54999999999999715783,	 0.39999999999999996669,	 0.50265482457436694297, 1128379.16709551215171813965,	 0.45019530238989485804,	 0.05019530238989489135,	 0.63672483667976553789,	 19.57046643266426144692,	 30.73614425772279901139,	 99494.47395328689890448004,	 99966.82923520267650019377,	 0.00000000000000000000,	 0.00000000000000000000,	 -273.09164795418979565511,	 0.00000000000000000000,	 0.00000000000000000000,	 -13.65458239770949155911,	 0.05000000000000000971,	 0.04580879906497012377,	 0.00000000000000000000,	 0.00000000000000000000
6.82440000000000068781,	 34.54999999999999715783,	 0.39999999999999996669,	 0.50265482457436694297, 1128379.16709551215171813965,	 0.45015105291389684306,	 0.05015105291389687636,	 0.63659967608574008491,	 19.58970503971541177179,	 30.77240811708641743394,	 99410.60679557193361688405,	 99884.07734623418946284801,	 0.00000000000000000000,	 0.00000000000000000000,	 -273.44072988737360674349,	 0.00000000000000000000,	 0.00000000000000000000,	 -13.67203649436867962663,	 0.04999999999999999584,	 0.04586510039215070667,	 0.00000000000000000000,	 0.00000000000000000000
6.82549999999999990052,	 34.54999999999999715783,	 0.39999999999999996669,	 0.50265482457436694297, 1128379.16709551215171813965,	 0.45010703342208213673,	 0.05010703342208217004,	 0.63647517821375232394,	 19.60844795965345355171,	 30.80787535923073860999,	 99327.06402520887786522508,	 99801.62661728382227011025,	 0.00000000000000000000,	 0.00000000000000000000,	 -273.78266120397233862604,	 0.00000000000000000000,	 0.00000000000000000000,	 -13.68913306019861586549,	 0.04999999999999999584,	 0.04592020824726973649,	 0.00000000000000000000,	 0.00000000000000000000
6.82660000000000000142,	 34.54999999999999715783,	 0.39999999999999996669,	 0.50265482457436694297, 1128379.16709551215171813965,	 0.45006323731851438641,	 0.05006323731851441972,	 0.63635132422078144465,	 19.62668339261973216026,	 30.84252777607212792077,	 99243.83920723304618149996,	 99719.46996704193588811904,	 0.00000000000000000000,	 0.00000000000000000000,	 -274.11728147211061923372,	 0.00000000000000000000,	 0.00000000000000000000,	 -13.70586407360553060641,	 0.04999999999999999584,	 0.04597409560748573487,	 0.00000000000000000000,	 0.00000000000000000000
6.82770000000000010232,	 34.54999999999999715783,	 0.39999999999999996669,	 0.50265482457436694297, 1128379.16709551215171813965,	 0.45001965834256291155,	 0.05001965834256294485,	 0.63622809622012255204,	 19.64440016236750352618,	 30.87634808817201914621,	 99160.92649920747498981655,	 99637.60093483845412265509,	 0.00000000000000000000,	 0.00000000000000000000,	 -274.44443828867940737837,	 0.00000000000000000000,	 0.00000000000000000000,	 -13.72222191443397143473,	 0.05000000000000000278,	 0.04602673681531233713,	 0.00000000000000000000,	 0.00000000000000000000
6.82880000000000020322,	 34.54999999999999715783,	 0.39999999999999996669,	 0.50265482457436694297, 1128379.16709551215171813965,	 0.44997629056445792584,	 0.04997629056445795914,	 0.63610547726827193493,	 19.66158772401393051155,	 30.90931995814560195868,	 99078.32062805882014799863,	 99556.01365819633065257221,	 0.00000000000000000000,	 0.00000000000000000000,	 -274.76398740362446915242,	 0.00000000000000000000,	 0.00000000000000000000,	 -13.73819937018122594452,	 0.05000000000000000971,	 0.04607810759903915865,	 0.00000000000000000000,	 0.00000000000000000000
6.82990000000000030411,	 34.54999999999999715783,	 0.39999999999999996669,	 0.50265482457436694297, 1128379.16709551215171813965,	 0.44993312838016219501,	 0.04993312838016222832,	 0.63598345134989531235,	 19.67823617031201521854,	 30.94142800185181840789,	 98996.01686617452651262283,	 99474.70284957141848281026,	 0.00000000000000000000,	 0.00000000000000000000,	 -275.07579282500364570296,	 0.00000000000000000000,	 0.00000000000000000000,	 -13.75378964125018299569,	 0.05000000000000000278,	 0.04612818508988610067,	 0.00000000000000000000,	 0.00000000000000000000
6.83100000000000040501,	 34.54999999999999715783,	 0.39999999999999996669,	 0.50265482457436694297, 1128379.16709551215171813965,	 0.44989016650558849575,	 0.04989016650558852906,	 0.63586200336096587726,	 19.69433623645553055326,	 30.97265779737975321950,	 98914.01100678113289177418,	 99393.66377229792124126107,	 0.00000000000000000000,	 0.00000000000000000000,	 -275.37972690492239280502,	 0.00000000000000000000,	 0.00000000000000000000,	 -13.76898634524611964025,	 0.05000000000000000278,	 0.04617694783591173163,	 0.00000000000000000000,	 0.00000000000000000000
6.83210000000000050591,	 34.54999999999999715783,	 0.39999999999999996669,	 0.50265482457436694297, 1128379.16709551215171813965,	 0.44984739997019296265,	 0.04984739997019299595,	 0.63574111909015440514,	 19.70987930343987670767,	 31.00299589186210980074,	 98832.29933863363112322986,	 99312.89221576903946697712,	 0.00000000000000000000,	 0.00000000000000000000,	 -275.67567040659901067556,	 0.00000000000000000000,	 0.00000000000000000000,	 -13.78378352032995124432,	 0.05000000000000000278,	 0.04622437581271953561,	 0.00000000000000000000,	 0.00000000000000000000
6.83320000000000060680,	 34.54999999999999715783,	 0.39999999999999996669,	 0.50265482457436694297, 1128379.16709551215171813965,	 0.44980482410997141285,	 0.04980482410997144616,	 0.63562078519855069736,	 19.72485740000049148080,	 31.03242980614452406485,	 98750.87862009021046105772,	 99232.38446992685203440487,	 0.00000000000000000000,	 0.00000000000000000000,	 -275.96351255279108727336,	 0.00000000000000000000,	 0.00000000000000000000,	 -13.79817562763955685057,	 0.05000000000000000971,	 0.04627045043100287691,	 0.00000000000000000000,	 0.00000000000000000000
6.83430000000000070770,	 34.54999999999999715783,	 0.39999999999999996669,	 0.50265482457436694297, 1128379.16709551215171813965,	 0.44976243455988990094,	 0.04976243455988993425,	 0.63550098919780362294,	 19.73926320314036075843,	 31.06094803732302622734,	 98669.74605270526080857962,	 99152.13729919389879796654,	 0.00000000000000000000,	 0.00000000000000000000,	 -276.24315105566677175375,	 0.00000000000000000000,	 0.00000000000000000000,	 -13.81215755278333823242,	 0.04999999999999999584,	 0.04631515454094492501,	 0.00000000000000000000,	 0.00000000000000000000
6.83539999999999992042,	 34.54999999999999715783,	 0.39999999999999996669,	 0.50265482457436694297, 1128379.16709551215171813965,	 0.44972022724578342157,	 0.04972022724578345487,	 0.63538171942677856840,	 19.75309003725170242660,	 31.08854005915108942304,	 98588.89925448333087842911,	 99072.14791598805459216237,	 0.00000000000000000000,	 0.00000000000000000000,	 -276.51449212810626931969,	 0.00000000000000000000,	 0.00000000000000000000,	 -13.82572460640531453180,	 0.05000000000000000278,	 0.04635847243347340080,	 0.00000000000000000000,	 0.00000000000000000000
6.83650000000000002132,	 34.54999999999999715783,	 0.39999999999999996669,	 0.50265482457436694297, 1128379.16709551215171813965,	 0.44967819837575928599,	 0.04967819837575931929,	 0.63526296502683343714,	 19.76633187185749918058,	 31.11519632034990578973,	 98508.33623284619534388185,	 98992.41395387315424159169,	 0.00000000000000000000,	 0.00000000000000000000,	 -276.77745047670271105744,	 0.00000000000000000000,	 0.00000000000000000000,	 -13.83887252383513555287,	 0.05000000000000000278,	 0.04640038983841766190,	 0.00000000000000000000,	 0.00000000000000000000
6.83760000000000012221,	 34.54999999999999715783,	 0.39999999999999996669,	 0.50265482457436694297, 1128379.16709551215171813965,	 0.44963634443113825734,	 0.04963634443113829064,	 0.63514471591580901055,	 19.77898331802649067868,	 31.14090824089965892085,	 98428.05535731888085138053,	 98912.93344035295012872666,	 0.00000000000000000000,	 0.00000000000000000000,	 -277.03194927712416983923,	 0.00000000000000000000,	 0.00000000000000000000,	 -13.85159746385621026832,	 0.05000000000000000971,	 0.04644089391968164726,	 0.00000000000000000000,	 0.00000000000000000000
6.83870000000000022311,	 34.54999999999999715783,	 0.39999999999999996669,	 0.50265482457436694297, 1128379.16709551215171813965,	 0.44959466215696480829,	 0.04959466215696484159,	 0.63502696276082126747,	 19.79103962351733514424,	 31.16566820639314983055,	 98348.05533199377532582730,	 98833.70476936927298083901,	 0.00000000000000000000,	 0.00000000000000000000,	 -277.27792013253423419883,	 0.00000000000000000000,	 0.00000000000000000000,	 -13.86389600662671206521,	 0.05000000000000000278,	 0.04647997326755186343,	 0.00000000000000000000,	 0.00000000000000000000
6.83980000000000032401,	 34.54999999999999715783,	 0.39999999999999996669,	 0.50265482457436694297, 1128379.16709551215171813965,	 0.44955314855211869762,	 0.04955314855211873093,	 0.63490969694994903172,	 19.80249666670036745586,	 31.18946956052150198957,	 98268.33516785521351266652,	 98754.72667358856415376067,	 0.00000000000000000000,	 0.00000000000000000000,	 -277.51530301566174330219,	 0.00000000000000000000,	 0.00000000000000000000,	 -13.87576515078308680984,	 0.04999999999999999584,	 0.04651761788824177596,	 0.00000000000000000000,	 0.00000000000000000000
6.83990000000000009095,	 34.54999999999999715783,	 0.39999999999999996669,	 0.50265482457436694297, 1128379.16709551215171813965,	 0.44954938285464590697,	 0.04954938285464594028,	 0.63489906030849596608,	 19.80350837483511838855,	 31.19158558088373922601,	 98261.10173102914995979518,	 98747.55923655394872184843,	 0.00000000000000000000,	 0.00000000000000000000,	 -277.53645557528437848305,	 0.00000000000000000000,	 0.00000000000000000000,	 -13.87682277876421998997,	 0.05000000000000000278,	 0.04652096867513515199,	 0.00000000000000000000,	 0.00000000000000000000


